,Unnamed: 0,pv,npv,bs,ue,x,y,spatial_ref,pv_filter,npv_filter,bs_filter,month,year,dayofyear,month_cir,dayofyear_cir,photoperiod,photoperiod_gradient,days_since_fire,fire_severity,SLGA_1,SLGA_2,SLGA_3,DER_000_999,aspect_1s,twi_1s,MAT,MAP,precip_30,precip_90,precip_180,precip_365,precip_730,precip_1095,precip_1460,VPD_lag,VPD_7,VPD_14,VPD_30,tmax_lag,tmax_7,tmax_14,tmax_30,tmin_lag,tmin_7,tmin_14,tmin_30,time,CO2
0,1,29.2,47.4,22.25,10.05,94425.0,-1332480.0,3577,29.743963206627654,47.6885197258166,21.542223098753663,9,1987,248,0.6816387600233341,0.6283668624009903,11.90075346628464,0.01108922455063599,10950,0.0,-2.1249289848818407,3.619812657077299,-1.289641057705902,22.564703,130.89069,8.73151,28.502051964898758,1482.566156431686,0.0,0.0,108.41015625,1168.9091796875,1163.890625,1645.8916015625,1533.3095703125,1.9592773731164839,12.61857309601884,14.461289491540358,36.971320460516225,35.130859375,203.259765625,245.08203125,519.6630859375,19.0458984375,103.3173828125,140.69921875,284.4443359375,1987-09-05,348.25
1,2,29.2,46.2,23.05,9.7,94425.0,-1332480.0,3577,28.498398160433762,46.88255507106126,23.119223256104082,9,1987,255,0.6816387600233341,0.6431693540965963,11.979528962491102,0.01136398622936774,10950,0.0,-2.1249289848818407,3.619812657077299,-1.289641057705902,22.564703,130.89069,8.73151,28.502051964898758,1482.566156431686,0.0,0.0,71.2958984375,1206.0234375,1163.890625,1645.8916015625,1533.3095703125,2.4082479517927626,14.354860796675426,14.577850469135324,36.01848901117818,34.3212890625,208.875,238.390625,548.0029296875,20.9462890625,128.3662109375,122.36328125,307.5244140625,1987-09-12,348.25
2,3,28.7,50.1,19.85,9.5,94425.0,-1332480.0,3577,28.30890433490086,46.29326224802006,23.83485829904995,9,1987,264,0.6816387600233341,0.6618527940178025,12.083036891448428,0.011589856607081117,10950,0.0,-2.1249289848818407,3.619812657077299,-1.289641057705902,22.564703,130.89069,8.73151,28.502051964898758,1482.566156431686,0.0,0.0,57.205078125,1220.1142578125,1163.890625,1615.7841796875,1563.4169921875,2.2819235704289484,15.8141415520126,17.433648517666157,33.78190455731355,34.9912109375,217.3359375,243.697265625,554.7939453125,17.435546875,119.595703125,149.3818359375,305.0048828125,1987-09-21,348.25
3,4,28.6,44.3,26.1,9.4,94425.0,-1332480.0,3577,28.745452203598493,45.96999513385408,23.879757483030605,9,1987,271,0.6816387600233341,0.6761067413467257,12.164534475222968,0.011669921720059762,10950,0.0,-2.1249289848818407,3.619812657077299,-1.289641057705902,22.564703,130.89069,8.73151,28.502051964898758,1482.566156431686,0.0,0.0,30.9130859375,1246.40625,1159.8837890625,1619.791015625,1562.0400390625,2.520149900829212,15.21009135339462,18.096065122441548,36.754263583439354,36.53125,214.5556640625,252.3271484375,553.4091796875,22.4462890625,128.39453125,137.03125,313.6875,1987-09-28,348.25
4,5,29.85,43.45,25.5,9.3,94425.0,-1332480.0,3577,29.485265635565554,45.918045329685754,23.41951118684642,10,1987,280,0.7401768531960371,0.6940671385790956,12.269540356748509,0.011642211082726561,10950,0.0,-2.1249289848818407,3.619812657077299,-1.289641057705902,22.564703,130.89069,8.73151,28.502051964898758,1482.566156431686,0.0,0.0,30.9130859375,1218.583984375,1187.6845703125,1619.8125,1562.025390625,2.6686923712311295,16.872074022148592,17.32303496339256,40.770087346630994,38.4140625,225.861328125,251.4267578125,568.8564453125,20.5283203125,139.4853515625,153.880859375,329.5546875,1987-10-07,348.25
5,6,29.25,44.35,25.1,9.5,94425.0,-1332480.0,3577,30.312821895310275,46.09864216059889,22.59467091265882,10,1987,287,0.7401768531960371,0.7077451560938813,12.350546973176193,0.011503989543195203,10950,0.0,-2.1249289848818407,3.619812657077299,-1.289641057705902,22.564703,130.89069,8.73151,28.502051964898758,1482.566156431686,0.0,0.0,22.91796875,1226.3583984375,1187.6611328125,1620.0390625,1559.9970703125,2.892592788915542,16.25655558975975,19.54076639337972,40.65947379235739,38.904296875,231.673828125,264.275390625,576.5859375,22.6181640625,128.4775390625,160.013671875,334.0537109375,1987-10-14,348.25
6,7,30.2,46.9,21.65,9.35,94425.0,-1332480.0,3577,31.119851642810218,46.42895267563867,21.52074928599025,10,1987,296,0.7401768531960371,0.7249480041597827,12.452443307067588,0.011142173430974012,10950,0.0,-2.1249289848818407,3.619812657077299,-1.289641057705902,22.564703,130.89069,8.73151,28.502051964898758,1482.566156431686,0.0,0.0,9.62109375,1209.53515625,1217.771484375,1615.423828125,1518.4892578125,3.0462771495130236,17.926249023062915,19.399474619841065,42.31684127727128,39.9541015625,237.884765625,272.20703125,593.0107421875,24.4677734375,144.498046875,155.146484375,354.91015625,1987-10-23,348.25
7,8,31.95,47.75,18.9,9.5,94425.0,-1332480.0,3577,31.905338933507537,46.782081647804596,20.288220055721194,10,1987,303,0.7401768531960371,0.7380238129201978,12.528708079162376,0.010685157282722457,10950,0.0,-2.1249289848818407,3.619812657077299,-1.289641057705902,22.564703,130.89069,8.73151,28.502051964898758,1482.566156431686,5.3095703125,0.0,9.212890625,1178.791015625,1247.8173828125,1616.5302734375,1518.369140625,3.057716488271649,19.24490140944492,20.97252617257594,44.39328093371979,39.7138671875,245.8525390625,277.8388671875,613.791015625,22.4580078125,149.8779296875,168.9658203125,356.17578125,1987-10-30,348.25
8,9,33.7,55.05,9.8,9.9,94425.0,-1332480.0,3577,32.72446551126403,46.73371900485098,19.21987779724157,11,1987,312,0.793577803248942,0.7544360607860527,12.620800483718064,0.009820089165343049,10950,0.0,-2.1249289848818407,3.619812657077299,-1.289641057705902,22.564703,130.89069,8.73151,28.502051964898758,1482.566156431686,11.556640625,0.0,9.162109375,1169.7412109375,1221.2314453125,1618.3994140625,1521.908203125,2.3722905934726715,15.398287342071752,22.195853549775276,46.211909709268085,38.90234375,228.072265625,282.5068359375,630.61328125,25.65625,157.4267578125,175.396484375,373.8681640625,1987-11-08,348.25
9,10,34.6,47.2,17.05,10.45,94425.0,-1332480.0,3577,33.329402473166844,48.33186144746806,16.701065376036095,11,1987,319,0.793577803248942,0.7668845388475947,12.685978165130589,0.00889581273441209,10950,0.0,-2.1249289848818407,3.619812657077299,-1.289641057705902,22.564703,130.89069,8.73151,28.502051964898758,1482.566156431686,85.388671875,0.0,0.0,1151.9462890625,1215.22265625,1613.0966796875,1543.4580078125,1.9929999789159147,12.514342161409479,17.770577935544424,49.0082886392023,37.1318359375,224.28125,266.974609375,640.9130859375,25.345703125,150.96484375,183.0830078125,394.1181640625,1987-11-15,348.25
10,11,36.0,38.6153846153846,24.0769230769231,8.23076923076923,94399.6153846154,-1332476.53846154,3577,35.884228658333214,46.873733194043524,15.337413940546329,11,1987,328,0.793577803248942,0.7824746544232967,12.758613466675007,0.007349337464304995,10950,0.0,-2.1249289848818407,3.619812657077299,-1.289641057705902,22.564703,130.89069,8.73151,28.502051964898758,1482.566156431686,113.4609375,0.0,0.0,1111.0009765625,1249.7578125,1616.32421875,1503.94921875,1.9239956454248284,12.381696104180277,14.55295448944525,44.22606304634406,37.841796875,222.9814453125,260.9228515625,625.10546875,25.7763671875,157.49609375,178.8310546875,408.80078125,1987-11-24,348.25
11,12,43.2,30.2,25.4,9.35,94425.0,-1332480.0,3577,39.4536069193905,43.326335690975554,15.096899611460351,12,1987,335,0.8414709848078965,0.7942718851028194,12.804256814695966,0.0058645928289795535,10950,0.0,-2.1249289848818407,3.619812657077299,-1.289641057705902,22.564703,130.89069,8.73151,28.502051964898758,1482.566156431686,112.767578125,5.4833984375,0.0,1099.0068359375,1215.7412109375,1620.2763671875,1537.07421875,1.9736805437094123,13.18444670674123,14.305691749605105,36.58316398601403,37.7724609375,225.4404296875,260.8232421875,603.521484375,25.755859375,161.486328125,183.2724609375,412.2353515625,1987-12-01,348.25
12,13,30.6666666666667,64.3333333333333,0.0,3.0,94475.0,-1332475.0,3577,44.395314811600755,38.40793562930104,15.03230012723418,12,1987,351,0.8414709848078965,0.8201332336486015,12.863931981873199,0.0017107000126177496,10950,0.0,-2.1249289848818407,3.619812657077299,-1.289641057705902,22.564703,130.89069,8.73151,28.502051964898758,1482.566156431686,76.6357421875,86.3828125,0.0,1069.0078125,1138.1064453125,1634.341796875,1584.3876953125,1.012935677012248,12.673700762133006,13.787936889137686,33.41964247979266,32.638671875,226.2041015625,253.0224609375,599.43359375,25.6171875,157.9716796875,176.068359375,424.3681640625,1987-12-17,348.25
13,14,58.8125,28.1875,11.4375,11.25,94436.25,-1332472.5,3577,50.3367628114844,33.50144800126735,14.129522367960963,12,1987,360,0.8414709848078965,0.8339908640186026,12.866470207660187,-0.0008668987664268712,10950,0.0,-2.1249289848818407,3.619812657077299,-1.289641057705902,22.564703,130.89069,8.73151,28.502051964898758,1482.566156431686,133.626953125,114.2939453125,0.0,984.1337890625,1184.646484375,1449.4384765625,1795.271484375,1.030523661885939,4.134960979456251,11.802898597314954,32.58073037098018,33.548828125,190.033203125,251.072265625,591.087890625,24.447265625,148.1015625,182.3984375,413.8955078125,1987-12-26,348.25
14,15,57.05,30.3,11.65,14.1,94425.0,-1332480.0,3577,57.45886601787447,28.515033861704403,12.229625997363513,1,1988,11,0.08323691620031025,0.03013242458278834,12.813264162953445,-0.005273397161762006,10950,0.0,-2.1249289848818407,3.619812657077299,-1.289641057705902,22.564703,130.89069,8.73151,28.502051964898758,1482.566156431686,223.6640625,158.03515625,0.0,900.7353515625,1171.3623046875,1423.759765625,1851.802734375,1.4049430600127641,7.233283736263788,7.587064957362749,19.158698025415152,34.7783203125,204.2880859375,233.689453125,540.072265625,24.5341796875,148.2744140625,177.099609375,403.7412109375,1988-01-11,350.45
15,16,67.9,13.25,17.65,12.25,94425.0,-1332480.0,3577,63.81773871122763,25.256162334129506,9.41974229628292,1,1988,18,0.08323691620031025,0.04929508207995412,12.769825111249844,-0.006872388348874381,10950,0.0,-2.1249289848818407,3.619812657077299,-1.289641057705902,22.564703,130.89069,8.73151,28.502051964898758,1482.566156431686,259.466796875,163.0185546875,0.0,863.0,1144.98828125,1424.8193359375,1839.4345703125,1.3093965147295334,8.189901058325741,8.638226796276552,14.942864385462947,35.7578125,214.1474609375,239.06640625,522.689453125,25.083984375,150.3740234375,172.80859375,398.4423828125,1988-01-18,350.45
16,17,66.65,21.1,11.15,13.35,94425.0,-1332480.0,3577,70.50642874925877,20.45524610837773,7.876425393490776,1,1988,27,0.08323691620031025,0.0739051588474336,12.699156584910849,-0.008574643107149171,10950,0.0,-2.1249289848818407,3.619812657077299,-1.289641057705902,22.564703,130.89069,8.73151,28.502051964898758,1482.566156431686,186.9853515625,244.7998046875,5.3095703125,724.138671875,1029.8134765625,1558.287109375,1856.4833984375,1.431370759161308,10.105489366871495,10.300266554106422,18.805109189128558,35.48828125,216.337890625,252.3759765625,543.69140625,25.994140625,154.36328125,178.55859375,399.0556640625,1988-01-27,350.45
17,18,75.65,21.05,2.2,14.35,94425.0,-1332480.0,3577,75.9853414773967,16.26277495723847,6.783917437051098,2,1988,59,0.16589613269341502,0.16094082999888235,12.363840182388428,-0.01158895909382629,10950,0.0,-2.1249289848818407,3.619812657077299,-1.289641057705902,22.564703,130.89069,8.73151,28.502051964898758,1482.566156431686,199.2138671875,328.3154296875,115.283203125,153.27734375,1476.04296875,1380.55859375,1524.7041015625,1.0273440476647597,7.1994601685281605,8.938241106794512,19.01589985910114,34.59375,207.583984375,240.8779296875,534.744140625,24.23828125,145.6083984375,169.3369140625,399.3984375,1988-02-28,350.45
18,19,76.9,19.8,1.9,17.5,94425.0,-1332480.0,3577,77.98944528956795,16.06691572328966,4.925200375566149,3,1988,66,0.24740395925452294,0.17983815151477422,12.281906949603053,-0.01177371198390631,10950,0.0,-2.1249289848818407,3.619812657077299,-1.289641057705902,22.564703,130.89069,8.73151,28.502051964898758,1482.566156431686,177.02734375,332.6455078125,150.9990234375,108.41015625,1477.0029296875,1315.6123046875,1469.9775390625,1.3291855135560775,7.872102825914678,8.226804216192921,17.32659349273309,35.6435546875,213.6845703125,242.177734375,528.2734375,25.044921875,154.2158203125,169.8466796875,395.169921875,1988-03-06,350.45
19,20,80.1,17.5,0.95,16.7,94425.0,-1332480.0,3577,78.51186162224873,18.981622502426436,0.9667210043642758,3,1988,75,0.24740395925452294,0.20403654929016468,12.175463654278312,-0.01184413647117033,10950,0.0,-2.1249289848818407,3.619812657077299,-1.289641057705902,22.564703,130.89069,8.73151,28.502051964898758,1482.566156431686,231.326171875,397.65234375,162.7333984375,71.2958984375,1438.2216796875,1340.072265625,1389.8291015625,1.401467777370257,6.954416588456459,9.493279685321568,19.7317380086647,33.173828125,203.29296875,250.23828125,553.9736328125,24.2548828125,146.9794921875,177.955078125,389.8291015625,1988-03-15,350.45
20,21,77.5,20.7,0.4,17.85,94425.0,-1332480.0,3577,79.198685531812,20.097774919031707,0.0,3,1988,82,0.24740395925452294,0.22277251545669122,12.092730662565597,-0.011786963409258888,10950,0.0,-2.1249289848818407,3.619812657077299,-1.289641057705902,22.564703,130.89069,8.73151,28.502051964898758,1482.566156431686,237.33203125,404.32421875,198.666015625,57.220703125,1434.1904296875,1301.13671875,1380.7451171875,1.4208061554867144,8.095164325188696,8.355884365826716,20.28677658719176,34.4140625,202.703125,236.466796875,563.333984375,24.1552734375,146.3505859375,171.234375,398.447265625,1988-03-22,350.45
21,22,78.65,20.05,0.0,18.0,94425.0,-1332480.0,3577,74.44667733467385,25.52269014903855,0.0,4,1988,98,0.3271946967961522,0.2652788769038835,11.907507109983527,-0.011316205340502705,10950,0.0,-2.1249289848818407,3.619812657077299,-1.289641057705902,22.564703,130.89069,8.73151,28.502051964898758,1482.566156431686,260.724609375,324.0390625,355.0517578125,30.9130859375,1388.7958984375,1331.36328125,1351.916015625,1.3412654642541102,5.51449582213699,5.788047245667017,20.61341640031049,34.341796875,199.6142578125,222.6884765625,543.0224609375,24.6005859375,150.3203125,176.345703125,391.2802734375,1988-04-07,350.45
22,23,63.85,32.95,1.65,16.4,94425.0,-1332480.0,3577,67.4707395318112,31.414448372602486,0.0,4,1988,114,0.3271946967961522,0.3072755703568896,11.7341512102672,-0.010316452006145838,10950,0.0,-2.1249289848818407,3.619812657077299,-1.289641057705902,22.564703,130.89069,8.73151,28.502051964898758,1482.566156431686,69.1015625,443.103515625,434.953125,22.84375,1301.064453125,1126.6845703125,1644.630859375,2.079183404767492,11.407796386066064,11.906699381494587,15.60440501225781,36.162109375,211.40234375,231.8232421875,526.2783203125,22.970703125,140.306640625,146.537109375,400.888671875,1988-04-23,350.45
23,24,59.05,38.15,1.4,15.45,94425.0,-1332480.0,3577,57.4977606712997,39.130174742388895,2.061596216567681,5,1988,123,0.40471456356112473,0.33064440357052394,11.645403546056677,-0.009461121114513915,10950,0.0,-2.1249289848818407,3.619812657077299,-1.289641057705902,22.564703,130.89069,8.73151,28.502051964898758,1482.566156431686,21.197265625,444.4453125,471.0908203125,20.013671875,1314.6953125,1124.1494140625,1647.166015625,2.053524151498623,11.79388472210244,13.6558994171928,23.420280677620312,34.619140625,211.5615234375,250.1943359375,538.1708984375,20.92578125,141.9765625,162.8271484375,365.6865234375,1988-05-02,350.45
24,25,55.75,41.2,1.8,16.15,94425.0,-1332480.0,3577,48.13089607532524,45.58632402926932,5.073921470988645,5,1988,130,0.40471456356112473,0.3486819095177108,11.582441957811639,-0.008621514759420634,10950,0.0,-2.1249289848818407,3.619812657077299,-1.289641057705902,22.564703,130.89069,8.73151,28.502051964898758,1482.566156431686,7.5517578125,446.7412109375,467.8212890625,34.58203125,1314.74609375,1124.1494140625,1646.3935546875,2.044742669069856,10.096286854108584,13.847408873601063,29.125807287727483,35.8388671875,210.2734375,246.1806640625,551.6416015625,22.486328125,133.5068359375,162.90234375,353.876953125,1988-05-09,350.45
25,26,29.7058823529412,63.6470588235294,5.70588235294118,7.64705882352941,94416.1764705882,-1332473.82352941,3577,39.48996030375882,49.798130761964146,9.531311058271939,5,1988,139,0.40471456356112473,0.37168363004143945,11.51126358030169,-0.007296593703253862,10950,0.0,-2.1249289848818407,3.619812657077299,-1.289641057705902,22.564703,130.89069,8.73151,28.502051964898758,1482.566156431686,0.5615234375,385.6201171875,466.9140625,94.4384765625,1323.828125,1124.2294921875,1643.3837890625,1.452596610932589,11.441519390781828,12.797320922147076,30.876628347847543,35.0986328125,204.953125,247.6025390625,565.5830078125,23.2763671875,140.31640625,154.4833984375,368.8916015625,1988-05-18,350.45
26,27,32.3,48.95,17.7,18.1,94425.0,-1332480.0,3577,33.77025284858509,51.49322610552036,13.583934677595005,5,1988,146,0.40471456356112473,0.3894183423086505,11.46499298200285,-0.006071225229927535,10950,0.0,-2.1249289848818407,3.619812657077299,-1.289641057705902,22.564703,130.89069,8.73151,28.502051964898758,1482.566156431686,0.8486328125,305.9638671875,526.900390625,114.2939453125,1323.828125,1124.1484375,1642.9765625,2.015767761895398,9.874274705506645,12.894116001714417,30.018049852801816,34.798828125,205.1650390625,240.0517578125,562.9912109375,18.92578125,136.3564453125,163.5927734375,360.5478515625,1988-05-25,350.45
27,28,31.8,48.25,18.6,14.4,94425.0,-1332480.0,3577,30.157588768902784,51.52232980095077,17.163760151701496,6,1988,155,0.479425538604203,0.41200875800437725,11.41921133467746,-0.004263414454134917,10950,0.0,-2.1249289848818407,3.619812657077299,-1.289641057705902,22.564703,130.89069,8.73151,28.502051964898758,1482.566156431686,0.47265625,288.1318359375,508.4033203125,150.9990234375,1323.6328125,1124.3203125,1643.0,1.8740061930316754,10.951281547255238,13.22946158191435,28.356308129357053,32.5390625,199.4443359375,240.064453125,556.0224609375,22.5283203125,125.978515625,148.5615234375,366.7587890625,1988-06-03,350.45
28,29,30.95,45.7,22.1,13.3,94425.0,-1332480.0,3577,30.709141532293017,49.76345138197427,18.348585988767184,6,1988,171,0.479425538604203,0.45154231266253464,11.381633931386737,-0.0005967060320735129,10950,0.0,-2.1249289848818407,3.619812657077299,-1.289641057705902,22.564703,130.89069,8.73151,28.502051964898758,1482.566156431686,0.134765625,112.2587890625,643.947265625,191.666015625,1323.6328125,1117.58984375,1649.73046875,1.726333629923155,12.0111814787746,14.532119114244761,29.655510031703386,29.8994140625,191.09375,232.193359375,538.42578125,10.2978515625,82.2890625,126.046875,338.134765625,1988-06-19,350.45
29,30,33.2,49.3,16.35,12.75,94425.0,-1332480.0,3577,31.392961081892835,48.363082883235926,18.973955474498986,7,1988,187,0.5508090958869698,0.4902083400321613,11.404254017494043,0.00314897511793788,10950,0.0,-2.1249289848818407,3.619812657077299,-1.289641057705902,22.564703,130.89069,8.73151,28.502051964898758,1482.566156431686,0.0,8.291015625,592.5146484375,347.201171875,1304.015625,1137.2060546875,1649.7314453125,1.713975211890902,11.074968449859622,13.09872371119778,31.898954278108135,33.470703125,194.91015625,208.8037109375,514.3544921875,20.3876953125,118.30859375,120.5361328125,249.8603515625,1988-07-05,350.45
30,31,32.7,48.7,17.2,11.9,94425.0,-1332480.0,3577,33.070306209902434,47.33727485407711,18.272994079310784,7,1988,203,0.5508090958869698,0.527932552869423,11.483053921030093,0.0063749792351028844,10950,0.0,-2.1249289848818407,3.619812657077299,-1.289641057705902,22.564703,130.89069,8.73151,28.502051964898758,1482.566156431686,0.0,0.8486328125,514.6015625,432.556640625,1304.015625,1137.205078125,1649.732421875,1.9497632664710636,11.888843832468842,15.434507100536974,30.01290640107043,33.62109375,196.7060546875,233.38671875,500.1865234375,21.0078125,109.5380859375,142.1962890625,299.5390625,1988-07-21,350.45
31,32,34.35,49.55,14.9,11.75,94425.0,-1332480.0,3577,33.64340701185036,46.78606187110314,18.288307312790103,8,1988,219,0.618369803069737,0.5646424733950354,11.60649356530392,0.00875886170957152,10950,0.0,-2.1249289848818407,3.619812657077299,-1.289641057705902,22.564703,130.89069,8.73151,28.502051964898758,1482.566156431686,0.0,0.47265625,455.017578125,492.5166015625,1282.7734375,1158.4384765625,1647.0341796875,2.29022978599175,13.735275846350268,15.842591934657326,33.21713516390142,34.0087890625,202.1171875,231.6875,530.365234375,19.63671875,132.923828125,121.345703125,311.0078125,1988-08-06,350.45
32,33,33.1,48.7,16.85,11.6,94425.0,-1332480.0,3577,33.232626115456696,50.89276648500983,14.595024089002969,8,1988,226,0.618369803069737,0.5803660231565494,11.670985650307431,0.009531833056424688,10950,0.0,-2.1249289848818407,3.619812657077299,-1.289641057705902,22.564703,130.89069,8.73151,28.502051964898758,1482.566156431686,0.0,0.47265625,386.181640625,561.3525390625,1282.7734375,1158.4384765625,1647.0341796875,2.122609708586866,13.364243235162283,16.025505632342018,33.62521999802177,33.1689453125,198.7333984375,236.1259765625,528.666015625,16.876953125,118.232421875,152.560546875,290.1572265625,1988-08-13,350.45
33,34,35.15,47.85,15.75,10.65,94425.0,-1332480.0,3577,33.3154549784531,50.27581025784609,15.144131719671254,9,1988,251,0.6816387600233341,0.6347394054621148,11.934282750456918,0.011218121032861461,10950,0.0,-2.1249289848818407,3.619812657077299,-1.289641057705902,22.564703,130.89069,8.73151,28.502051964898758,1482.566156431686,0.0,0.0,198.7841796875,749.22265625,1277.3193359375,1163.890625,1645.8916015625,2.498944096019121,13.318760177046835,17.742227762358354,33.11922453684702,37.55078125,215.103515625,240.482421875,550.853515625,23.6357421875,136.4169921875,146.369140625,330.7333984375,1988-09-07,350.45
34,35,26.2,49.9,22.6,8.95,94425.0,-1332480.0,3577,31.88330663144428,50.03988287253793,16.884184546101533,9,1988,258,0.6816387600233341,0.649441180325217,12.01380586755136,0.01145471602596615,10950,0.0,-2.1249289848818407,3.619812657077299,-1.289641057705902,22.564703,130.89069,8.73151,28.502051964898758,1482.566156431686,0.0,0.0,135.568359375,812.4384765625,1277.3193359375,1163.890625,1641.232421875,2.5978148077826457,15.29080833824329,15.817704273065956,35.81158184763544,37.55078125,225.2265625,252.654296875,558.193359375,23.81640625,142.6865234375,160.052734375,343.123046875,1988-09-14,350.45
35,36,32.65,50.9,15.3,10.45,94425.0,-1332480.0,3577,32.05566260364542,45.70249085279362,20.884303622071403,9,1988,267,0.6816387600233341,0.6679917430213101,12.1178991757667,0.011634510578284463,10950,0.0,-2.1249289848818407,3.619812657077299,-1.289641057705902,22.564703,130.89069,8.73151,28.502051964898758,1482.566156431686,0.0,0.0,63.69921875,884.3076171875,1277.3193359375,1161.146484375,1618.5283203125,2.4072927441049896,16.39370777438844,19.243693406488156,38.79935664658659,37.140625,216.6552734375,259.396484375,568.44921875,21.42578125,118.8955078125,162.4736328125,353.0234375,1988-09-23,350.45
36,37,34.15,47.75,16.8,10.65,94425.0,-1332480.0,3577,30.329744094909834,45.79557362141817,22.459592110672347,9,1988,274,0.6816387600233341,0.6821397568546641,12.199563628655763,0.0116777944877402,10950,0.0,-2.1249289848818407,3.619812657077299,-1.289641057705902,22.564703,130.89069,8.73151,28.502051964898758,1482.566156431686,0.13671875,0.0,18.87890625,929.1279296875,1263.2744140625,1173.9248046875,1619.794921875,2.8735385950847454,14.514475765653106,18.801000518493428,40.30082229071638,39.28125,223.38671875,253.7958984375,587.36328125,23.3564453125,143.287109375,140.3212890625,369.1279296875,1988-09-30,350.45
37,38,34.15,48.15,16.2,9.3,94425.0,-1332480.0,3577,28.691600814042346,47.716497434446964,22.25337851003153,10,1988,283,0.7401768531960371,0.6999606990471843,12.304380183796448,0.011596633082874064,10950,0.0,-2.1249289848818407,3.619812657077299,-1.289641057705902,22.564703,130.89069,8.73151,28.502051964898758,1482.566156431686,0.14453125,0.0,1.0341796875,946.97265625,1249.4970703125,1187.6728515625,1619.806640625,2.855488534273017,16.219884572268306,18.46997913523277,42.60856259475702,39.0341796875,233.083984375,266.7314453125,586.9140625,24.4580078125,143.80859375,164.294921875,350.6474609375,1988-10-09,350.45
38,39,23.0,33.0,43.0,10.5,94365.0,-1332480.0,3577,30.042612959791132,48.10023490440729,20.722116737748312,10,1988,290,0.7401768531960371,0.7135277699284436,12.384873096595504,0.01140846487611391,10950,0.0,-2.1249289848818407,3.619812657077299,-1.289641057705902,22.564703,130.89069,8.73151,28.502051964898758,1482.566156431686,0.16015625,0.0,1.0341796875,946.97265625,1249.2763671875,1187.6533203125,1620.046875,2.5601036185028443,16.2027004405175,19.075373106541324,41.83484832350163,37.244140625,231.404296875,272.1181640625,594.2490234375,25.068359375,148.8388671875,168.2666015625,352.46875,1988-10-16,350.45
39,40,34.95,49.6,14.0,10.7,94425.0,-1332480.0,3577,31.990000866002276,49.02629089176344,17.957005997096193,10,1988,299,0.7401768531960371,0.7305848530682543,12.48552638350521,0.010967139911665313,10950,0.0,-2.1249289848818407,3.619812657077299,-1.289641057705902,22.564703,130.89069,8.73151,28.502051964898758,1482.566156431686,7.16796875,0.0,0.47265625,947.5341796875,1216.328125,1220.576171875,1615.447265625,3.05871300110062,15.903351954270743,18.138140245765268,42.97443026590754,39.43359375,231.923828125,267.66796875,615.9677734375,25.3583984375,149.52734375,174.0068359375,380.8779296875,1988-10-25,350.45
40,41,40.65,47.1,10.95,9.15,94425.0,-1332480.0,3577,43.72606789494682,41.27659832427017,14.299011669442972,11,1988,315,0.793577803248942,0.7598053683187144,12.64953522822113,0.009452663188943333,10950,0.0,-2.1249289848818407,3.619812657077299,-1.289641057705902,22.564703,130.89069,8.73151,28.502051964898758,1482.566156431686,88.5703125,0.14453125,0.47265625,922.1142578125,1204.3232421875,1220.3935546875,1604.3955078125,1.9215571713419262,12.916865002230526,17.932385067598243,43.624840172447264,37.671875,225.123046875,269.84375,618.552734375,26.2763671875,153.60546875,174.2021484375,397.958984375,1988-11-10,350.45
41,42,37.6,62.95,0.0,6.7,94425.0,-1332480.0,3577,50.921669661600134,37.91103617743918,10.522551906296467,12,1988,347,0.8414709848078965,0.8138137270339217,12.85540801665823,0.002824299393218155,10950,0.0,-2.1249289848818407,3.619812657077299,-1.289641057705902,22.564703,130.89069,8.73151,28.502051964898758,1482.566156431686,176.5791015625,92.54296875,0.0,789.9716796875,1227.73046875,1142.7119140625,1676.2763671875,1.0907684339888166,7.839770112462419,6.250009219021813,27.43774123713185,32.9287109375,206.1953125,227.2529296875,572.7333984375,25.2470703125,152.26171875,169.1845703125,402.2861328125,1988-12-12,350.45
42,43,65.7,24.75,8.8,12.25,94425.0,-1332480.0,3577,56.958013812804055,36.77018987204197,5.485889497498586,3,1989,61,0.24740395925452294,0.16634640909591059,12.340562330359797,-0.011654675234765932,10950,0.0,-2.1249289848818407,3.619812657077299,-1.289641057705902,22.564703,130.89069,8.73151,28.502051964898758,1482.566156431686,213.490234375,465.615234375,195.296875,304.6142578125,759.841796875,1485.7685546875,1358.482421875,1.3141914035092417,8.882452338441146,9.240932735772354,19.082563920633234,34.494140625,212.404296875,239.388671875,544.8662109375,23.974609375,147.0986328125,165.205078125,392.962890625,1989-03-02,352.08
43,44,69.1,21.9,7.7,17.95,94425.0,-1332480.0,3577,59.988497261243715,37.06223776223223,1.8662560349864052,3,1989,84,0.24740395925452294,0.22811090035396392,12.069205372335526,-0.01175393103193123,10950,0.0,-2.1249289848818407,3.619812657077299,-1.289641057705902,22.564703,130.89069,8.73151,28.502051964898758,1482.566156431686,339.22265625,446.5322265625,394.263671875,65.634765625,939.5947265625,1420.6259765625,1294.8115234375,1.1309088970802907,4.066309651590725,4.615570897199071,20.66106263199399,34.154296875,184.5439453125,219.4677734375,541.1337890625,24.6552734375,141.4189453125,165.5849609375,390.6181640625,1989-03-25,352.08
44,45,64.65,32.45,1.45,15.9,94425.0,-1332480.0,3577,58.519441858442406,38.37518998029261,1.6658695793368186,4,1989,109,0.3271946967961522,0.294211249673108,11.786515123495283,-0.010694334631603297,10950,0.0,-2.1249289848818407,3.619812657077299,-1.289641057705902,22.564703,130.89069,8.73151,28.502051964898758,1482.566156431686,130.734375,631.708984375,499.3349609375,8.2021484375,969.890625,1304.0,1123.6748046875,1.275720075669417,8.065281494000592,10.49072419938865,18.774047504066413,32.732421875,193.072265625,240.72265625,534.974609375,24.2509765625,146.4052734375,171.1875,383.8740234375,1989-04-19,352.08
45,46,63.4,33.1,2.1,17.0,94425.0,-1332480.0,3577,54.25012448850648,40.92412046157565,3.1667128537092806,5,1989,125,0.40471456356112473,0.3358106765401478,11.626814990243638,-0.009237598791006718,10950,0.0,-2.1249289848818407,3.619812657077299,-1.289641057705902,22.564703,130.89069,8.73151,28.502051964898758,1482.566156431686,64.75,543.357421875,620.21875,84.98046875,956.6962890625,1314.74609375,1124.1494140625,1.8998429598793323,8.731914014277622,8.818172360216266,22.96509652939879,34.2890625,197.0029296875,234.3349609375,534.0107421875,23.015625,140.5009765625,171.2666015625,389.5361328125,1989-05-05,352.08
46,47,13.0,84.0,0.0,2.0,94425.0,-1332435.0,3577,50.183604321367724,47.05203944661446,0.9397464764336412,5,1989,132,0.40471456356112473,0.35381221715747047,11.565602317065773,-0.008351443977447914,10950,0.0,-2.1249289848818407,3.619812657077299,-1.289641057705902,22.564703,130.89069,8.73151,28.502051964898758,1482.566156431686,54.5390625,533.1904296875,632.5615234375,93.015625,956.6962890625,1314.666015625,1124.2294921875,1.2884805258041008,11.244771554343561,10.631756974156955,21.292544690226407,32.8994140625,200.5341796875,231.2919921875,527.623046875,24.7861328125,126.0361328125,163.5166015625,389.615234375,1989-05-12,352.08
47,48,54.8,41.95,2.0,16.4,94425.0,-1332480.0,3577,44.68140358093251,52.26020914069668,1.3008854922165665,5,1989,141,0.40471456356112473,0.3767649259398519,11.497168005104166,-0.006963689677132123,10950,0.0,-2.1249289848818407,3.619812657077299,-1.289641057705902,22.564703,130.89069,8.73151,28.502051964898758,1482.566156431686,40.9658203125,497.974609375,659.7529296875,114.97265625,947.9404296875,1323.828125,1124.2294921875,2.0220334595643523,10.103766445638863,11.965942493688436,23.056262264782774,31.888671875,200.263671875,234.703125,532.92578125,18.005859375,137.125,153.5625,379.8955078125,1989-05-21,352.08
48,49,45.8,48.5,4.55,16.3,94425.0,-1332480.0,3577,39.41916479316086,56.37115695123652,2.808807804546343,6,1989,164,0.479425538604203,0.43434868754085926,11.39079146541187,-0.0022485787336279373,10950,0.0,-2.1249289848818407,3.619812657077299,-1.289641057705902,22.564703,130.89069,8.73151,28.502051964898758,1482.566156431686,0.0234375,292.7822265625,699.072265625,321.728515625,948.0068359375,1323.6328125,1117.58984375,1.87468968187457,10.826154822830848,10.48554627058515,27.567572406097234,27.5791015625,184.7236328125,230.6826171875,531.8837890625,14.9482421875,115.728515625,143.193359375,335.10546875,1989-06-13,352.08
49,50,42.15,50.5,6.25,15.7,94425.0,-1332480.0,3577,37.962568212293675,52.90347576489853,7.835323744203137,6,1989,173,0.479425538604203,0.45642454906324836,11.381156428546761,-0.0001193798257741463,10950,0.0,-2.1249289848818407,3.619812657077299,-1.289641057705902,22.564703,130.89069,8.73151,28.502051964898758,1482.566156431686,0.0068359375,135.447265625,792.9208984375,385.2314453125,948.0068359375,1323.6328125,1117.58984375,1.904417132606659,9.221304692967305,12.156532936854287,25.474249243783902,26.4990234375,187.59375,210.072265625,526.423828125,17.1484375,117.2783203125,118.4462890625,329.4619140625,1989-06-22,352.08
50,51,41.7,52.2,5.05,14.8,94425.0,-1332480.0,3577,36.64624346648404,49.083573498353516,13.120484428393503,7,1989,189,0.5508090958869698,0.49497687645016214,11.41121583941613,0.0035908035021403606,10950,0.0,-2.1249289848818407,3.619812657077299,-1.289641057705902,22.564703,130.89069,8.73151,28.502051964898758,1482.566156431686,0.0888671875,62.5859375,771.1982421875,479.822265625,948.0068359375,1304.015625,1137.2060546875,2.3123535106357243,12.347053735935482,13.02688664327019,26.578796311877706,29.041015625,196.6259765625,214.0029296875,479.3134765625,18.9580078125,116.5087890625,134.4072265625,281.138671875,1989-07-08,352.08
51,52,28.65,45.35,24.65,15.0,94425.0,-1332480.0,3577,35.005642947563736,46.309343019691326,17.628678450437263,7,1989,205,0.5508090958869698,0.5325782277370062,11.496325449999782,0.006721546999095551,10950,0.0,-2.1249289848818407,3.619812657077299,-1.289641057705902,22.564703,130.89069,8.73151,28.502051964898758,1482.566156431686,0.1123046875,28.30078125,729.0869140625,556.21875,948.0068359375,1304.015625,1137.205078125,1.6990742228902749,12.294727782958486,13.684680234546224,31.12519492988666,32.5009765625,186.166015625,234.0068359375,504.1220703125,21.0380859375,115.3974609375,157.99609375,303.7900390625,1989-07-24,352.08
52,53,26.95,47.65,24.15,13.25,94425.0,-1332480.0,3577,32.62171586763734,44.854972817627015,21.430573467591607,8,1989,221,0.618369803069737,0.5691563611926911,11.624367971779634,0.00899556524061218,10950,0.0,-2.1249289848818407,3.619812657077299,-1.289641057705902,22.564703,130.89069,8.73151,28.502051964898758,1482.566156431686,0.0234375,0.861328125,588.673828125,724.16015625,948.0068359375,1282.7734375,1158.4384765625,2.1617540703667073,12.101205523801685,13.447902681529108,31.88685787912063,30.0087890625,201.1455078125,221.5146484375,515.13671875,19.806640625,113.0107421875,117.8955078125,332.1083984375,1989-08-09,352.08
53,54,28.85,46.85,23.1,13.0,94425.0,-1332480.0,3577,26.892667768922507,48.92280350413073,22.885437749472125,8,1989,228,0.618369803069737,0.5848195115392493,11.690340688683813,0.009725102150222042,10950,0.0,-2.1249289848818407,3.619812657077299,-1.289641057705902,22.564703,130.89069,8.73151,28.502051964898758,1482.566156431686,0.0234375,0.095703125,558.0771484375,755.5224609375,948.0068359375,1282.7333984375,1158.478515625,1.8560243048856653,13.3746398564132,14.262959594168393,31.650080326103513,31.80859375,186.04296875,231.154296875,502.64453125,16.0869140625,100.1123046875,132.8173828125,292.0078125,1989-08-16,352.08
54,55,29.05,46.65,23.1,12.15,94425.0,-1332480.0,3577,28.71583391351578,46.68823136289442,23.38134455571779,8,1989,237,0.618369803069737,0.6046410009470569,11.781689654639067,0.010457841591774653,10950,0.0,-2.1249289848818407,3.619812657077299,-1.289641057705902,22.564703,130.89069,8.73151,28.502051964898758,1482.566156431686,0.0,0.119140625,472.75390625,840.845703125,948.0068359375,1277.3193359375,1163.892578125,2.3073891326370792,12.816514913558478,15.598926055768924,32.25928731383806,30.708984375,183.14453125,217.392578125,512.7861328125,19.2666015625,88.0322265625,114.5986328125,284.3974609375,1989-08-25,352.08
55,56,32.4736842105263,46.3157894736842,20.2631578947368,12.1052631578947,94421.8421052632,-1332477.63157895,3577,29.221305254949243,46.921149601572765,22.64207745977001,9,1989,244,0.6816387600233341,0.6198041813394971,11.856685595317774,0.010889774288349585,10950,0.0,-2.1249289848818407,3.619812657077299,-1.289641057705902,22.564703,130.89069,8.73151,28.502051964898758,1482.566156431686,0.0,0.119140625,420.697265625,892.90234375,948.0068359375,1277.3193359375,1163.892578125,2.36801554286689,13.112441223741847,15.123904046195557,34.41031068807788,36.439453125,209.8740234375,213.853515625,508.6640625,20.6767578125,116.572265625,107.298828125,281.1005859375,1989-09-01,352.08
56,57,30.45,48.35,19.75,11.4,94425.0,-1332480.0,3577,30.279257022913892,47.63904324451111,20.908121493950205,9,1989,253,0.6816387600233341,0.6389639720086414,11.956834748616279,0.011294679375179584,10950,0.0,-2.1249289848818407,3.619812657077299,-1.289641057705902,22.564703,130.89069,8.73151,28.502051964898758,1482.566156431686,0.0,0.1123046875,303.892578125,1009.7138671875,948.0068359375,1277.3193359375,1163.890625,2.2122458162109835,15.348745004369157,15.465185834686473,35.35760470646804,34.37109375,205.4765625,252.34765625,498.6337890625,18.916015625,108.46484375,142.15625,258.591796875,1989-09-10,352.08
57,58,31.25,48.25,19.3,11.35,94425.0,-1332480.0,3577,30.907168738722454,48.598176110035155,19.349035079114422,9,1989,260,0.6816387600233341,0.6535980501322224,12.036793929037703,0.011506565193720064,10950,0.0,-2.1249289848818407,3.619812657077299,-1.289641057705902,22.564703,130.89069,8.73151,28.502051964898758,1482.566156431686,0.0,0.1123046875,172.6640625,1140.9423828125,948.0068359375,1277.3193359375,1163.890625,2.299087219294496,14.83721755175871,17.56099082058014,35.223864485385576,36.9306640625,214.9052734375,239.84765625,533.5888671875,21.435546875,124.716796875,127.380859375,286.1494140625,1989-09-17,352.08
58,59,30.45,49.05,19.45,11.45,94425.0,-1332480.0,3577,32.38835950445949,47.36915807691298,19.068605695789913,9,1989,269,0.6816387600233341,0.6720593312461268,12.141200857225357,0.011655707587651776,10950,0.0,-2.1249289848818407,3.619812657077299,-1.289641057705902,22.564703,130.89069,8.73151,28.502051964898758,1482.566156431686,0.0,0.0234375,71.3310546875,1242.3466796875,948.0244140625,1277.3193359375,1161.1337890625,2.3091655333706704,15.275390561434989,17.43888512026711,37.23549408490187,37.53125,226.8173828125,254.236328125,562.6875,22.81640625,120.8955078125,147.0126953125,309.349609375,1989-09-26,352.08
59,60,32.25,45.05,21.55,11.1,94425.0,-1332480.0,3577,33.56135961297831,46.6057317065826,18.690344202277686,10,1989,285,0.7401768531960371,0.7038634940818181,12.327512242739926,0.011555057414019743,10950,0.0,-2.1249289848818407,3.619812657077299,-1.289641057705902,22.564703,130.89069,8.73151,28.502051964898758,1482.566156431686,0.0,0.0234375,46.0,1267.53515625,948.1669921875,1249.2763671875,1187.8056640625,2.654868667104848,15.067147159048611,16.50318712599683,40.36228356121747,39.7236328125,228.033203125,258.3779296875,593.046875,22.5283203125,137.3173828125,157.650390625,333.8369140625,1989-10-12,352.08
60,61,39.05,43.35,16.4,11.05,94425.0,-1332480.0,3577,36.44920323663561,44.48573654201243,17.92008090730997,11,1989,308,0.793577803248942,0.7471977675094822,12.58085836645246,0.010246598724865663,10950,0.0,-2.1249289848818407,3.619812657077299,-1.289641057705902,22.564703,130.89069,8.73151,28.502051964898758,1482.566156431686,56.65625,0.0,0.884765625,1254.75390625,995.2861328125,1189.7041015625,1238.0673828125,2.116975250676677,13.666542807026689,17.24032261278984,41.04207039602823,37.15234375,224.8798828125,263.1171875,613.693359375,24.8857421875,150.7041015625,177.2666015625,381.6357421875,1989-11-04,352.08
61,62,39.25,44.6,15.1,11.7,94425.0,-1332480.0,3577,41.326460621104545,40.97460258017209,16.526260661955366,11,1989,317,0.793577803248942,0.7633564132116517,12.668039977178948,0.00918400260317398,10950,0.0,-2.1249289848818407,3.619812657077299,-1.289641057705902,22.564703,130.89069,8.73151,28.502051964898758,1482.566156431686,92.07421875,0.0,0.119140625,1221.056640625,955.1611328125,1237.3349609375,1217.447265625,2.2850187255774697,13.075017891522393,15.457950981842897,39.695278369959496,37.0517578125,221.021484375,260.2177734375,607.603515625,24.015625,148.56640625,177.5849609375,399.947265625,1989-11-13,352.08
62,63,48.25,37.35,13.05,11.85,94425.0,-1332480.0,3577,48.26873471877208,37.76442559299639,12.73957155909299,11,1989,324,0.793577803248942,0.7756038877273475,12.72808321413602,0.008087595247314283,10950,0.0,-2.1249289848818407,3.619812657077299,-1.289641057705902,22.564703,130.89069,8.73151,28.502051964898758,1482.566156431686,99.478515625,2.9765625,0.119140625,1199.353515625,967.814453125,1205.439453125,1250.06640625,1.5650487013661083,14.986060681571512,15.360036617099862,37.30414536095752,32.091796875,228.162109375,258.0732421875,599.2529296875,25.9658203125,157.857421875,172.58203125,403.1279296875,1989-11-20,352.08
63,64,55.0,33.65,10.1,12.85,94425.0,-1332480.0,3577,53.82235310672861,35.55967476340284,9.270902672267162,12,1989,356,0.8414709848078965,0.8278940204661639,12.868213399753095,0.00028325118690730733,10950,0.0,-2.1249289848818407,3.619812657077299,-1.289641057705902,22.564703,130.89069,8.73151,28.502051964898758,1482.566156431686,139.169921875,104.134765625,0.1123046875,928.375,1134.572265625,1198.67578125,1187.462890625,1.0956777816959398,9.329413932796884,10.68496431996221,35.632119699238366,34.0693359375,212.50390625,239.5439453125,596.578125,22.5068359375,148.3330078125,176.5986328125,400.4912109375,1989-12-22,352.08
64,65,49.4117647058824,37.4117647058824,11.8823529411765,15.1176470588235,94433.8235294118,-1332473.82352941,3577,57.07491725174356,35.09136813832157,6.456782363510596,12,1989,365,0.8414709848078965,0.8414709848078965,12.857861848274563,-0.0022870357603146374,10950,0.0,-2.1249289848818407,3.619812657077299,-1.289641057705902,22.564703,130.89069,8.73151,28.502051964898758,1482.566156431686,138.2158203125,106.2294921875,0.0234375,897.3486328125,1099.05078125,1216.3310546875,1203.1025390625,1.8306008680924049,9.936831412537726,11.876201927247882,26.504710476069974,36.029296875,217.8251953125,249.572265625,564.244140625,26.6669921875,148.7724609375,172.44921875,396.220703125,1989-12-31,352.08
65,66,66.0,31.6,0.8,16.2,94383.0,-1332477.0,3577,56.654891156913294,36.50415396840822,5.468068664170568,4,1990,103,0.3271946967961522,0.27846140596347235,11.851653135146037,-0.011066826999897472,10950,0.0,-2.1249289848818407,3.619812657077299,-1.289641057705902,22.564703,130.89069,8.73151,28.502051964898758,1482.566156431686,126.162109375,453.205078125,338.7060546875,46.6181640625,1268.134765625,969.890625,1320.4892578125,1.59785174280735,9.40938692733652,9.636838358278006,22.209196737001918,36.1123046875,211.8818359375,244.6083984375,561.1533203125,24.8310546875,146.9755859375,166.9052734375,397.7001953125,1990-04-13,353.27
66,67,57.7,38.6,2.35,16.5,94425.0,-1332480.0,3577,53.82620180765434,38.775888962606906,6.0551169555258175,4,1990,119,0.3271946967961522,0.3202822309233318,11.683877734314635,-0.009870727028982174,10950,0.0,-2.1249289848818407,3.619812657077299,-1.289641057705902,22.564703,130.89069,8.73151,28.502051964898758,1482.566156431686,68.1923828125,379.3642578125,463.3876953125,25.3701171875,1312.017578125,956.7470703125,1314.6953125,1.7762650063161876,11.265349850693434,12.208902790750413,23.805626103910093,32.5322265625,209.5419921875,242.0234375,563.2861328125,18.451171875,147.3369140625,170.998046875,388.2734375,1990-04-29,353.27
67,68,47.6,45.8,5.3,15.15,94425.0,-1332480.0,3577,48.892617862916524,42.30186465327884,7.483045428436773,6,1990,160,0.479425538604203,0.4244516272420487,11.401168156168831,-0.0031644134675854474,10950,0.0,-2.1249289848818407,3.619812657077299,-1.289641057705902,22.564703,130.89069,8.73151,28.502051964898758,1482.566156431686,37.275390625,211.4697265625,662.2978515625,116.45703125,1313.6064453125,948.0068359375,1323.6328125,1.6164426685700886,12.819781486322803,10.817243253875217,25.088223815988854,30.3994140625,187.193359375,215.25390625,525.2412109375,14.98828125,126.8779296875,131.39453125,373.5947265625,1990-06-09,353.27
68,69,36.4,46.2,16.25,14.65,94425.0,-1332480.0,3577,42.495538089658496,46.23327001717314,9.980019306861742,6,1990,176,0.479425538604203,0.463722163275047,11.382229865626973,0.0005961547525625832,10950,0.0,-2.1249289848818407,3.619812657077299,-1.289641057705902,22.564703,130.89069,8.73151,28.502051964898758,1482.566156431686,0.15234375,163.185546875,620.779296875,243.53515625,1313.6064453125,948.0068359375,1323.6328125,1.9411801191401845,9.669441215485032,10.865983322535655,28.17389332393284,33.4189453125,178.6728515625,227.84375,493.984375,22.0283203125,118.2578125,143.705078125,305.556640625,1990-06-25,353.27
69,70,35.75,49.9,13.15,12.8,94425.0,-1332480.0,3577,37.226549547696784,48.52078951825085,13.004276546616614,7,1990,208,0.5508090958869698,0.5395167147704585,11.5174847940373,0.00721541455600061,10950,0.0,-2.1249289848818407,3.619812657077299,-1.289641057705902,22.564703,130.89069,8.73151,28.502051964898758,1482.566156431686,0.041015625,93.3994140625,485.5595703125,448.5810546875,1313.71875,948.0068359375,1297.986328125,1.660896824947866,10.380004474771656,12.340175898453417,28.359480815754203,34.4111328125,196.2353515625,231.9580078125,494.1064453125,17.4677734375,116.3671875,144.826171875,267.5966796875,1990-07-27,353.27
70,71,33.5,49.3,15.9,12.9,94425.0,-1332480.0,3577,33.99385899112217,49.88464034598783,14.908716806775042,8,1990,215,0.618369803069737,0.5555639748167264,11.572211107004067,0.008245665443856964,10950,0.0,-2.1249289848818407,3.619812657077299,-1.289641057705902,22.564703,130.89069,8.73151,28.502051964898758,1482.566156431686,0.0546875,93.369140625,428.4296875,505.7412109375,1313.71875,948.0068359375,1282.7734375,1.8404737182289668,12.099962124236967,12.040901299719522,27.577845946656957,25.19921875,186.3134765625,230.646484375,516.197265625,8.8173828125,123.1767578125,133.8349609375,298.77734375,1990-08-03,353.27
71,72,33.45,50.65,14.6,12.15,94425.0,-1332480.0,3577,29.42625160306381,51.716200508644064,17.65531180711212,8,1990,224,0.618369803069737,0.5758951096788277,11.652023074112172,0.009326617972108764,10950,0.0,-2.1249289848818407,3.619812657077299,-1.289641057705902,22.564703,130.89069,8.73151,28.502051964898758,1482.566156431686,0.052734375,37.4287109375,470.0771484375,520.0361328125,1313.71875,948.0068359375,1282.7734375,1.9637754132893992,11.098603651335214,13.479654049432401,28.17169539543382,34.529296875,197.86328125,202.5283203125,529.7666015625,17.02734375,98.4716796875,109.2822265625,320.95703125,1990-08-12,353.27
72,73,29.3,52.9,16.45,11.35,94425.0,-1332480.0,3577,28.39933750459641,53.82372642836235,16.43871268050589,8,1990,240,0.618369803069737,0.6111670640411674,11.813465341416963,0.010656568477077855,10950,0.0,-2.1249289848818407,3.619812657077299,-1.289641057705902,22.564703,130.89069,8.73151,28.502051964898758,1482.566156431686,0.0,0.20703125,394.9462890625,632.44140625,1313.71875,948.0068359375,1277.3193359375,2.295986733322987,12.975063797292695,14.642233926385424,30.315602559799842,33.5390625,203.7333984375,228.7919921875,503.5185546875,15.7265625,96.0517578125,126.3984375,255.3955078125,1990-08-28,353.27
73,74,31.05,52.3,15.55,10.45,94425.0,-1332480.0,3577,28.466185671908974,54.3070752776554,15.95634674922362,9,1990,256,0.6816387600233341,0.6452648114885879,11.99092493799372,0.011395975502617617,10950,0.0,-2.1249289848818407,3.619812657077299,-1.289641057705902,22.564703,130.89069,8.73151,28.502051964898758,1482.566156431686,0.0,0.20703125,177.650390625,849.7373046875,1313.71875,948.0068359375,1277.3193359375,2.393629709991785,13.983607569546948,16.739813470997888,33.48356473000614,36.05078125,207.88671875,238.4326171875,532.7626953125,18.486328125,101.6357421875,152.7646484375,275.87109375,1990-09-13,353.27
74,75,29.9,53.55,15.35,9.9,94425.0,-1332480.0,3577,30.70273658229856,54.849100435160345,13.18932538049988,9,1990,272,0.6816387600233341,0.6781228416014485,12.176208838131453,0.011674362908484781,10950,0.0,-2.1249289848818407,3.619812657077299,-1.289641057705902,22.564703,130.89069,8.73151,28.502051964898758,1482.566156431686,0.001953125,0.0546875,142.7421875,884.7978515625,1313.58203125,948.1435546875,1277.3193359375,2.3783187166247077,14.811996144450939,18.77836700402546,38.63149265963421,35.2509765625,213.166015625,243.546875,551.3427734375,18.8359375,116.166015625,134.58203125,312.2783203125,1990-09-29,353.27
75,76,29.75,55.45,13.3,10.0,94425.0,-1332480.0,3577,34.494980406585164,51.383393232147164,12.91259823767371,10,1990,288,0.7401768531960371,0.7096780257714862,12.362021711595915,0.011474738419721575,10950,0.0,-2.1249289848818407,3.619812657077299,-1.289641057705902,22.564703,130.89069,8.73151,28.502051964898758,1482.566156431686,0.001953125,0.0205078125,94.41796875,933.15625,1313.55859375,948.1669921875,1249.2763671875,2.9593037856381277,15.52450021203431,16.932492614487085,40.567236008625905,39.5244140625,227.96484375,258.388671875,563.5654296875,22.1181640625,129.1298828125,137.1875,307.205078125,1990-10-15,353.27
76,77,32.4,51.7,14.65,9.9,94425.0,-1332480.0,3577,40.63935244321634,45.663693736597125,12.45440256337903,10,1990,304,0.7401768531960371,0.7398697384878806,12.539313472093795,0.010605392931418933,10950,0.0,-2.1249289848818407,3.619812657077299,-1.289641057705902,22.564703,130.89069,8.73151,28.502051964898758,1482.566156431686,0.3916015625,0.001953125,93.4541015625,910.9443359375,1329.7275390625,949.7109375,1184.890625,2.4703415355141543,16.203374949304852,18.910882721921126,41.12874576223392,37.353515625,229.34375,269.1689453125,604.4951171875,24.1279296875,136.23828125,174.3154296875,336.12109375,1990-10-31,353.27
77,78,57.1,38.5,3.15,15.1,94425.0,-1332480.0,3577,48.163287795788335,38.78303492172881,11.737563056137155,12,1990,352,0.8414709848078965,0.8216977498410493,12.865359504497215,0.001427522624016575,10950,0.0,-2.1249289848818407,3.619812657077299,-1.289641057705902,22.564703,130.89069,8.73151,28.502051964898758,1482.566156431686,158.9140625,26.048828125,0.20703125,853.2373046875,1123.564453125,1149.29296875,1185.107421875,1.590583432238843,9.372352376279263,10.588365764381766,35.5627533154767,35.888671875,206.404296875,247.0234375,603.833984375,25.27734375,147.6220703125,171.5302734375,405.3916015625,1990-12-18,353.27
78,79,59.1,25.5,14.6,22.6,94425.0,-1332480.0,3577,54.103931672035046,32.848642533931745,11.67056875013357,3,1991,90,0.24740395925452294,0.24408432170565875,11.999149671125483,-0.011611131282482035,10950,0.0,-2.1249289848818407,3.619812657077299,-1.289641057705902,22.564703,130.89069,8.73151,28.502051964898758,1482.566156431686,100.97265625,885.6572265625,266.087890625,161.6484375,936.93359375,1276.0234375,945.6298828125,1.4802892366254279,8.21268628439003,10.846485388418053,19.691594817229607,34.50390625,206.423828125,238.0771484375,547.853515625,24.89453125,144.12109375,165.85546875,387.69921875,1991-03-31,354.56
79,80,58.0,33.0,7.0,25.0,94365.0,-1332435.0,3577,59.47603541967978,29.726717400242375,9.386062698909589,4,1991,99,0.3271946967961522,0.2679194443681064,11.896236599002654,-0.011270510980873283,10950,0.0,-2.1249289848818407,3.619812657077299,-1.289641057705902,22.564703,130.89069,8.73151,28.502051964898758,1482.566156431686,120.9775390625,808.0078125,383.5078125,114.9130859375,975.3818359375,1259.044921875,970.8955078125,1.2664416645431713,8.730990976835603,10.092886678146442,22.925579914196,32.732421875,204.8916015625,242.88671875,548.22265625,23.521484375,145.255859375,172.591796875,381.650390625,1991-04-09,354.56
80,81,58.05,20.85,19.8,10.5,94425.0,-1332480.0,3577,62.079828530593254,29.57291238173149,6.9595477278129385,4,1991,115,0.3271946967961522,0.3098815935404807,11.723918275253133,-0.010232935014066413,10950,0.0,-2.1249289848818407,3.619812657077299,-1.289641057705902,22.564703,130.89069,8.73151,28.502051964898758,1482.566156431686,73.83984375,567.98046875,684.302734375,94.796875,961.57421875,1286.154296875,956.779296875,1.5361603140593474,10.10613484459252,11.007282297324902,22.003126849045845,35.65234375,206.3818359375,236.1640625,545.7646484375,23.890625,140.7958984375,167.99609375,389.62109375,1991-04-25,354.56
81,82,59.5,37.35,1.55,16.2,94425.0,-1332480.0,3577,59.946388750559365,33.43403191235509,5.233098789754353,5,1991,131,0.40471456356112473,0.3512483815892772,11.57395376104322,-0.008488196768418277,10950,0.0,-2.1249289848818407,3.619812657077299,-1.289641057705902,22.564703,130.89069,8.73151,28.502051964898758,1482.566156431686,13.2958984375,416.412109375,876.0986328125,61.9775390625,990.9970703125,1313.306640625,956.6962890625,2.3382326505223103,11.221951929665916,13.118429709217923,25.528973799096207,32.958984375,200.6044921875,236.4150390625,547.9326171875,18.515625,126.916015625,152.0029296875,380.7041015625,1991-05-11,354.56
82,83,55.3,41.55,2.0,16.15,94425.0,-1332480.0,3577,53.9195241291136,38.7737220983293,5.963173049859467,5,1991,147,0.40471456356112473,0.39194033242451504,11.45911030079075,-0.005882681212099783,10950,0.0,-2.1249289848818407,3.619812657077299,-1.289641057705902,22.564703,130.89069,8.73151,28.502051964898758,1482.566156431686,0.0,186.525390625,1053.7158203125,90.267578125,1027.5068359375,1313.599609375,948.0068359375,1.5620402036616725,10.905361743989173,13.74695361130566,30.859280762360886,33.0791015625,198.71484375,224.302734375,532.7265625,20.5458984375,121.6552734375,146.001953125,340.2265625,1991-05-27,354.56
83,84,47.6,44.85,6.4,16.1,94425.0,-1332480.0,3577,46.50855181969038,43.128505704815055,9.102760397495883,6,1991,163,0.479425538604203,0.43187926648963193,11.393040044145497,-0.00248005377035021,10950,0.0,-2.1249289848818407,3.619812657077299,-1.289641057705902,22.564703,130.89069,8.73151,28.502051964898758,1482.566156431686,0.0,113.8681640625,1083.8857421875,132.7548828125,1027.5,1313.6064453125,948.0068359375,1.9840580367346328,9.377359402598714,11.622247641807492,29.995367379746945,32.708984375,191.6630859375,228.2626953125,523.5048828125,18.767578125,115.95703125,150.3798828125,332.4951171875,1991-06-12,354.56
84,85,47.3,46.9,4.6,16.0,94425.0,-1332480.0,3577,41.01266318819886,45.70819026174381,12.086025893609229,6,1991,179,0.479425538604203,0.47098845096423725,11.385441893126439,0.0013071922633791644,10950,0.0,-2.1249289848818407,3.619812657077299,-1.289641057705902,22.564703,130.89069,8.73151,28.502051964898758,1482.566156431686,0.0,77.58203125,986.6298828125,266.14453125,1027.5634765625,1313.6953125,948.0068359375,1.4485463924555098,10.77095875727516,10.700709106280957,26.67085458261058,31.1787109375,190.904296875,224.4736328125,517.4033203125,17.1884765625,115.8173828125,124.0458984375,320.2705078125,1991-06-28,354.56
85,86,27.35,44.95,26.5,13.2,94425.0,-1332480.0,3577,35.114462781795,45.00990712073631,18.76459825004436,7,1991,195,0.5508090958869698,0.5091927471873186,11.437235474219946,0.004855855047670943,10950,0.0,-2.1249289848818407,3.619812657077299,-1.289641057705902,22.564703,130.89069,8.73151,28.502051964898758,1482.566156431686,0.0,12.029296875,673.7158203125,644.607421875,1027.5673828125,1313.6953125,948.0068359375,1.9025277441931348,10.855502748758184,13.436291803416298,26.205988047903674,30.861328125,188.6044921875,227.6552734375,511.21484375,17.7978515625,113.7080078125,143.13671875,299.318359375,1991-07-14,354.56
86,87,27.6,44.7,26.5,12.55,94425.0,-1332480.0,3577,30.453570578024227,45.49261079477118,22.834634405838422,7,1991,211,0.5508090958869698,0.5464187550176638,11.540062882503,0.007677839416787791,10950,0.0,-2.1249289848818407,3.619812657077299,-1.289641057705902,22.564703,130.89069,8.73151,28.502051964898758,1482.566156431686,0.0,0.0,574.38671875,755.9150390625,1027.5947265625,1313.71875,948.0068359375,1.5209025398930474,10.815035700071384,11.067765256029677,29.892499345715223,30.87109375,191.67578125,216.7275390625,507.9130859375,11.068359375,115.677734375,124.267578125,307.55859375,1991-07-30,354.56
87,88,29.4,40.6,28.85,11.8,94425.0,-1332480.0,3577,28.264000550528827,44.50643443243398,26.03423387757364,8,1991,227,0.618369803069737,0.5825949538541461,11.680615586533591,0.00962993622616004,10950,0.0,-2.1249289848818407,3.619812657077299,-1.289641057705902,22.564703,130.89069,8.73151,28.502051964898758,1482.566156431686,0.0,0.0,341.5,988.8017578125,1027.5947265625,1313.71875,948.0068359375,2.1020168657501124,13.375722925421194,13.727993232254201,27.510891547843716,30.4990234375,193.9033203125,227.912109375,500.7861328125,16.2265625,111.3232421875,119.98046875,276.5693359375,1991-08-15,354.56
88,89,31.05,46.75,20.8,11.45,94425.0,-1332480.0,3577,28.38990606915879,46.39310550130291,23.938975266216275,8,1991,243,0.618369803069737,0.617651840044935,11.845795821029425,0.010834740603613113,10950,0.0,-2.1249289848818407,3.619812657077299,-1.289641057705902,22.564703,130.89069,8.73151,28.502051964898758,1482.566156431686,0.0,0.0,161.9619140625,1168.33984375,1027.5947265625,1313.71875,948.0068359375,1.908491884333816,15.150255708227537,13.432055929766914,33.342537007686516,35.4189453125,207.6240234375,223.302734375,513.51171875,18.447265625,102.6533203125,118.8291015625,275.8544921875,1991-08-31,354.56
89,90,32.5,48.8,17.55,10.6,94425.0,-1332480.0,3577,30.264595930380878,48.467549633022266,19.987797496618043,10,1991,291,0.7401768531960371,0.7154446155112547,12.396244397200109,0.011371300604604784,10950,0.0,-2.1249289848818407,3.619812657077299,-1.289641057705902,22.564703,130.89069,8.73151,28.502051964898758,1482.566156431686,0.0,0.0,9.5068359375,1320.7822265625,1027.5966796875,1313.5693359375,948.1669921875,2.856009571562079,17.111060732436457,19.425307515512593,41.45028264496736,37.4638671875,224.6533203125,267.2177734375,591.2763671875,20.517578125,129.2685546875,150.0654296875,325.5625,1991-10-18,354.56
90,91,35.3,46.65,16.9,10.4,94425.0,-1332480.0,3577,34.3209047917975,49.92310073826356,14.542307228373168,11,1991,307,0.793577803248942,0.7453741387858221,12.570611767727595,0.01034243335269558,10950,0.0,-2.1249289848818407,3.619812657077299,-1.289641057705902,22.564703,130.89069,8.73151,28.502051964898758,1482.566156431686,0.0009765625,0.0,0.0,1329.9033203125,973.7099609375,1315.8447265625,989.36328125,2.6901081310007227,17.196825891934793,19.88725299785076,45.23927815561028,37.8017578125,231.662109375,271.1494140625,605.4931640625,22.9658203125,144.85546875,158.0166015625,342.7373046875,1991-11-03,354.56
91,92,39.45,55.35,3.95,11.5,94425.0,-1332480.0,3577,41.43349220438386,48.12473749160337,9.358884768480893,11,1991,323,0.793577803248942,0.7738716093215248,12.719995618888706,0.008259390837745073,10950,0.0,-2.1249289848818407,3.619812657077299,-1.289641057705902,22.564703,130.89069,8.73151,28.502051964898758,1482.566156431686,32.0029296875,0.0,0.0,1299.6796875,966.0166015625,1292.44921875,967.0380859375,2.01440696392356,13.425143451224615,18.486568961333514,45.25477551473848,37.4716796875,226.5810546875,269.564453125,615.7080078125,25.24609375,152.9375,175.1015625,374.060546875,1991-11-19,354.56
92,93,46.8571428571429,43.0,9.14285714285714,12.1428571428571,94412.1428571429,-1332443.57142857,3577,50.5848767331664,43.13486219662045,5.332046127246566,12,1991,339,0.8414709848078965,0.8008822762508344,12.825358563083354,0.004913182218370338,10950,0.0,-2.1249289848818407,3.619812657077299,-1.289641057705902,22.564703,130.89069,8.73151,28.502051964898758,1482.566156431686,134.708984375,0.0009765625,0.0,1227.69140625,1022.3720703125,1166.8828125,1051.6767578125,2.069078863120824,9.916426998548559,14.332577806670676,37.108298585556234,38.0693359375,215.0126953125,255.0537109375,604.8603515625,25.5869140625,149.2587890625,175.1513671875,400.4375,1991-12-05,354.56
93,94,55.7,39.7,3.6,17.95,94425.0,-1332480.0,3577,60.69804545298996,36.98631708847874,1.4897189497806431,12,1991,355,0.8414709848078965,0.8263542452329874,12.867930148566188,0.0005705329844243323,10950,0.0,-2.1249289848818407,3.619812657077299,-1.289641057705902,22.564703,130.89069,8.73151,28.502051964898758,1482.566156431686,116.4091796875,46.6728515625,0.0,1103.2001953125,1070.1181640625,1125.0439453125,1129.59375,2.131994047662194,11.30724438819653,12.780490747392982,29.700434841569656,37.0185546875,216.68359375,256.513671875,582.25390625,25.4765625,143.5322265625,177.458984375,400.8515625,1991-12-21,354.56
94,95,68.4,31.1,0.0,11.95,94425.0,-1332480.0,3577,67.65181799623514,31.486743596955613,0.04515855661365664,1,1992,22,0.08323691620031025,0.06023748382552683,12.740291624763522,-0.007679899817611968,10950,0.0,-2.1249289848818407,3.619812657077299,-1.289641057705902,22.564703,130.89069,8.73151,28.502051964898758,1482.566156431686,157.4111328125,164.6689453125,0.0,665.2734375,1282.298828125,1184.1787109375,1055.314453125,1.5546708586166627,8.75875444441295,11.814105350368747,26.676191844109358,35.078125,216.6484375,252.4560546875,577.3564453125,26.013671875,143.3544921875,179.23828125,392.7900390625,1992-01-22,355.5
95,96,76.25,23.1,0.0,15.2,94425.0,-1332480.0,3577,69.35264503297523,29.499751022966432,0.24557532251026992,2,1992,54,0.16589613269341502,0.14740609703302035,12.421385866968285,-0.011374503211513343,10950,0.0,-2.1249289848818407,3.619812657077299,-1.289641057705902,22.564703,130.89069,8.73151,28.502051964898758,1482.566156431686,186.2626953125,294.72265625,46.6728515625,214.248046875,1554.7548828125,1061.798828125,1159.466796875,0.9582249947941366,5.868947277183852,6.743072643864977,20.292155366086504,33.9541015625,205.193359375,232.52734375,549.376953125,25.248046875,147.8291015625,175.5068359375,392.60546875,1992-02-23,355.5
96,97,74.45,24.45,0.0,17.5,94425.0,-1332480.0,3577,65.42103685786918,31.06881833336478,2.5344168215681466,3,1992,86,0.24740395925452294,0.2334424363766376,12.045757069846177,-0.01171361887901945,10950,0.0,-2.1249289848818407,3.619812657077299,-1.289641057705902,22.564703,130.89069,8.73151,28.502051964898758,1482.566156431686,244.927734375,384.8330078125,166.1396484375,77.6552734375,1416.0390625,985.6904296875,1255.9296875,1.691069231103673,8.164484091545624,8.387812294426318,17.579456088528204,35.353515625,210.373046875,242.0478515625,541.2421875,24.6650390625,147.3896484375,169.7451171875,384.9541015625,1992-03-26,355.5
97,98,59.95,37.7,1.05,16.45,94425.0,-1332480.0,3577,58.017722215855954,33.37285500876333,7.54010215790289,4,1992,118,0.3271946967961522,0.317685628932238,11.693748461343617,-0.0099656002506876,10950,0.0,-2.1249289848818407,3.619812657077299,-1.289641057705902,22.564703,130.89069,8.73151,28.502051964898758,1482.566156431686,46.533203125,443.318359375,352.6640625,0.0,1423.755859375,959.2109375,1289.12109375,1.7030797240729918,8.503160425040331,8.632337930562748,18.407660896527283,34.58203125,206.982421875,235.3544921875,524.9892578125,22.6005859375,135.3154296875,162.478515625,382.6015625,1992-04-27,355.5
98,99,35.4,44.8,18.5,15.85,94425.0,-1332480.0,3577,47.81959062608503,39.352231050677176,11.596443494584175,5,1992,150,0.40471456356112473,0.39948857551559425,11.442625626536037,-0.005297847644733622,10950,0.0,-2.1249289848818407,3.619812657077299,-1.289641057705902,22.564703,130.89069,8.73151,28.502051964898758,1482.566156431686,16.158203125,192.703125,523.4990234375,126.3134765625,1330.5087890625,1027.5068359375,1313.599609375,1.7208737592718086,10.840935332885927,11.386189134591127,26.122574022175225,32.189453125,201.634765625,240.5634765625,555.1005859375,20.505859375,143.3369140625,168.671875,360.505859375,1992-05-29,355.5
99,100,32.6,47.75,18.25,13.45,94425.0,-1332480.0,3577,38.08675488597521,44.06732338867903,16.511344228524422,6,1992,166,0.479425538604203,0.43927773034583373,11.386994324748727,-0.0017814725844917945,10950,0.0,-2.1249289848818407,3.619812657077299,-1.289641057705902,22.564703,130.89069,8.73151,28.502051964898758,1482.566156431686,10.6904296875,74.7431640625,625.2080078125,148.0322265625,1330.5087890625,1027.5,1313.6064453125,1.4505518632179544,11.556586483972353,11.954661659497521,27.817119847894634,32.798828125,194.8935546875,231.75390625,540.49609375,19.3076171875,120.3291015625,148.8134765625,369.8466796875,1992-06-14,355.5
100,101,32.2,48.25,18.5,13.25,94425.0,-1332480.0,3577,31.203210721162712,47.61280994546537,19.845344129551687,6,1992,182,0.479425538604203,0.47822292126032895,11.390770301593188,0.0020093910078209376,10950,0.0,-2.1249289848818407,3.619812657077299,-1.289641057705902,22.564703,130.89069,8.73151,28.502051964898758,1482.566156431686,0.0,62.443359375,601.8017578125,194.4287109375,1330.3564453125,1027.5634765625,1313.6953125,1.843528194435569,11.385560562604473,12.364510223087084,28.22590681235634,31.609375,182.59375,225.533203125,527.6337890625,14.9677734375,93.2080078125,114.005859375,330.8759765625,1992-06-30,355.5
101,102,32.5,47.75,18.55,12.65,94425.0,-1332480.0,3577,28.371599298530036,53.99044423068385,16.362215029550047,7,1992,198,0.5508090958869698,0.5162493246712834,11.452996687686085,0.0054496009385633926,10950,0.0,-2.1249289848818407,3.619812657077299,-1.289641057705902,22.564703,130.89069,8.73151,28.502051964898758,1482.566156431686,0.0,17.33984375,541.193359375,300.140625,1330.322265625,1027.59765625,1313.6953125,1.4185354731452096,10.907959163436416,11.698535344807311,28.813479956828118,31.5107421875,183.236328125,222.1162109375,503.146484375,17.7783203125,98.337890625,128.876953125,256.828125,1992-07-16,355.5
102,103,31.05,49.4,18.15,11.85,94425.0,-1332480.0,3577,26.63666673882993,57.55054728552321,14.559085496544625,8,1992,214,0.618369803069737,0.5532838822146887,11.56396544156021,0.008108890438775163,10950,0.0,-2.1249289848818407,3.619812657077299,-1.289641057705902,22.564703,130.89069,8.73151,28.502051964898758,1482.566156431686,0.0,16.158203125,457.7001953125,384.8154296875,1330.3017578125,1027.5947265625,1313.71875,1.8836446648937681,11.681674239531414,14.56697388930378,28.357270319423584,33.701171875,196.5458984375,211.0166015625,501.0048828125,19.7978515625,118.537109375,117.6865234375,286.6796875,1992-08-01,355.5
103,104,24.9,64.9,8.8,8.65,94425.0,-1332480.0,3577,25.66425892015372,59.05263157079938,14.071401199417679,9,1992,262,0.6816387600233341,0.6577352961024162,12.05987546002561,0.011551599882047014,10950,0.0,-2.1249289848818407,3.619812657077299,-1.289641057705902,22.564703,130.89069,8.73151,28.502051964898758,1482.566156431686,15.0458984375,0.0,73.7119140625,784.9619140625,1330.3017578125,1027.5947265625,1313.71875,1.5525467957805765,11.10946751235819,15.399471363551285,34.25109627754359,33.53125,215.3466796875,259.81640625,552.8994140625,24.1162109375,139.796875,165.521484375,341.6796875,1992-09-18,355.5
104,105,28.85,57.6,12.6,11.3,94425.0,-1332480.0,3577,24.686696536309924,59.68106765321125,14.478078113834467,9,1992,269,0.6816387600233341,0.6720593312461268,12.141200857225357,0.011655707587651776,10950,0.0,-2.1249289848818407,3.619812657077299,-1.289641057705902,22.564703,130.89069,8.73151,28.502051964898758,1482.566156431686,15.0693359375,0.0576171875,62.69140625,795.982421875,1330.2998046875,1027.5966796875,1313.701171875,2.553371372811641,13.56049459993533,12.662014308138767,33.494683688712286,35.9111328125,218.216796875,248.8779296875,577.0634765625,23.3759765625,138.375,163.9130859375,357.4921875,1992-09-25,355.5
105,106,26.5,62.95,9.45,9.15,94425.0,-1332480.0,3577,28.149065339088843,54.548617514138115,16.211751715774064,10,1992,278,0.7401768531960371,0.6901120250244518,12.246245008084735,0.011662010485347096,10950,0.0,-2.1249289848818407,3.619812657077299,-1.289641057705902,22.564703,130.89069,8.73151,28.502051964898758,1482.566156431686,15.0693359375,0.0576171875,41.6162109375,817.0576171875,1330.2998046875,1027.5966796875,1313.58203125,2.3343524649716,13.761604317902513,16.517491557062524,32.563515084001764,37.2138671875,224.341796875,254.857421875,582.537109375,25.9677734375,145.4501953125,161.3818359375,375.9462890625,1992-10-04,355.5
106,107,28.65,57.45,12.65,10.35,94425.0,-1332480.0,3577,37.21913624911277,45.69867642540903,16.01620299205199,10,1992,285,0.7401768531960371,0.7038634940818181,12.327512242739926,0.011555057414019743,10950,0.0,-2.1249289848818407,3.619812657077299,-1.289641057705902,22.564703,130.89069,8.73151,28.502051964898758,1482.566156431686,15.205078125,0.0576171875,24.287109375,834.38671875,1330.2998046875,1027.5966796875,1313.55859375,2.5290562280442215,15.162123180112218,16.09595678287411,33.68153527751299,36.9443359375,227.734375,261.5556640625,577.578125,24.158203125,149.0673828125,171.41796875,371.806640625,1992-10-11,355.5
107,108,40.0,19.1428571428571,40.0,5.57142857142857,94472.1428571429,-1332473.57142857,3577,48.3001584450999,34.186241361696574,16.48302517915274,1,1993,8,0.08323691620031025,0.021916053410854716,12.82834165636816,-0.004522747547571981,10950,0.0,-2.1249289848818407,3.619812657077299,-1.289641057705902,22.564703,130.89069,8.73151,28.502051964898758,1482.566156431686,178.5576171875,242.1669921875,15.2626953125,571.603515625,1233.8623046875,1130.310546875,1114.6904296875,0.7939125202778896,6.940379084420807,9.46659929134585,23.136027388912993,32.4580078125,202.818359375,247.6318359375,562.724609375,24.353515625,139.0634765625,172.3876953125,392.6318359375,1993-01-08,356.27
108,109,65.65,27.35,6.1,10.4,94425.0,-1332480.0,3577,61.11498365030937,27.42053045536422,10.375731956380553,2,1993,56,0.16589613269341502,0.15282345185103158,12.398493169807352,-0.011469264366546383,10950,0.0,-2.1249289848818407,3.619812657077299,-1.289641057705902,22.564703,130.89069,8.73151,28.502051964898758,1482.566156431686,631.041015625,487.90234375,92.5625,289.880859375,755.3759765625,1554.2314453125,1090.0126953125,0.7000624760933043,4.972761136755782,5.195925274627861,9.30304123128553,32.2236328125,194.0537109375,226.5283203125,489.4658203125,24.2978515625,145.498046875,167.9560546875,378.935546875,1993-02-25,356.27
109,110,77.9,20.5,0.3,18.65,94425.0,-1332480.0,3577,69.49941772419143,23.58752949022271,5.770274307734745,3,1993,72,0.24740395925452294,0.19598347462695087,12.210995582427582,-0.011839633420645868,10950,0.0,-2.1249289848818407,3.619812657077299,-1.289641057705902,22.564703,130.89069,8.73151,28.502051964898758,1482.566156431686,296.326171875,793.548828125,257.369140625,94.615234375,877.9873046875,1452.1171875,1095.916015625,1.4052993109711354,7.81795683118172,6.087504307179711,12.431707001890743,35.5341796875,207.8154296875,226.6884765625,518.50390625,23.775390625,144.5986328125,169.181640625,386.6279296875,1993-03-13,356.27
110,111,81.9473684210526,16.7894736842105,0.0,17.5789473684211,94421.8421052632,-1332477.63157895,3577,71.03932076558519,25.315616833871147,2.4665115070684167,3,1993,79,0.24740395925452294,0.21475244714146,12.128131029376886,-0.011822743395088153,10950,0.0,-2.1249289848818407,3.619812657077299,-1.289641057705902,22.564703,130.89069,8.73151,28.502051964898758,1482.566156431686,279.6982421875,820.2998046875,277.0546875,89.326171875,877.12890625,1401.53125,1036.4873046875,1.781108524861677,7.477447184917055,9.223256142152856,13.32328603444259,35.8837890625,210.6728515625,243.349609375,518.6640625,24.4052734375,144.0712890625,168.3740234375,387.853515625,1993-03-20,356.27
111,112,59.85,37.55,1.35,16.15,94425.0,-1332480.0,3577,67.21091432872242,28.99338911047781,2.6534160370069775,4,1993,120,0.3271946967961522,0.32287642884589046,11.67410484382105,-0.00977289049358454,10950,0.0,-2.1249289848818407,3.619812657077299,-1.289641057705902,22.564703,130.89069,8.73151,28.502051964898758,1482.566156431686,17.6474609375,598.8076171875,768.6416015625,55.0302734375,842.515625,1423.755859375,935.025390625,1.5478595206785601,11.564328093906058,12.80550042236148,27.31816849399083,34.912109375,209.681640625,239.8427734375,560.71484375,22.4814453125,139.384765625,167.296875,378.4189453125,1993-04-30,356.27
112,113,54.5,41.9,2.5,15.75,94425.0,-1332480.0,3577,57.49058354061568,35.46810130556544,5.878402866482492,5,1993,136,0.40471456356112473,0.36404080980857667,11.533633476424582,-0.007769689740264596,10950,0.0,-2.1249289848818407,3.619812657077299,-1.289641057705902,22.564703,130.89069,8.73151,28.502051964898758,1482.566156431686,5.2958984375,334.94921875,1016.005859375,79.0400390625,847.9833984375,1367.783203125,990.232421875,2.1606436561991056,9.632666024332785,13.527717964794846,30.08948471577839,33.96875,203.0244140625,237.7236328125,554.857421875,24.4462890625,132.1962890625,156.1328125,376.51953125,1993-05-16,356.27
113,114,47.55,48.05,3.3,14.85,94425.0,-1332480.0,3577,45.907308415872514,40.541989483542814,12.365387862909241,6,1993,175,0.479425538604203,0.46129308162738264,11.38163371087441,0.00035792445433813214,10950,0.0,-2.1249289848818407,3.619812657077299,-1.289641057705902,22.564703,130.89069,8.73151,28.502051964898758,1482.566156431686,0.0,27.404296875,1051.6484375,345.5478515625,858.673828125,1330.3564453125,1027.65234375,1.7652181111835796,9.70824766251074,11.173814606201177,28.41761566787926,31.8388671875,194.0947265625,223.412109375,522.5537109375,16.16796875,119.4287109375,139.736328125,349.5341796875,1993-06-24,356.27
114,115,27.8333333333333,27.5,43.6666666666667,10.5,94430.0,-1332480.0,3577,36.53683238166967,41.26250655812528,21.05224476245834,7,1993,191,0.5508090958869698,0.49973055152418083,11.41904718212103,0.0040231307803786365,10950,0.0,-2.1249289848818407,3.619812657077299,-1.289641057705902,22.564703,130.89069,8.73151,28.502051964898758,1482.566156431686,0.0,9.5283203125,966.296875,448.775390625,858.673828125,1330.3544921875,1027.5654296875,2.1093393728266974,9.99610881347523,13.000352202667631,26.311152339780328,30.720703125,192.0458984375,228.6162109375,513.103515625,21.087890625,116.626953125,143.556640625,310.1689453125,1993-07-10,356.27
115,116,34.65,43.85,20.2,15.15,94425.0,-1332480.0,3577,32.306549805086604,43.24647028056843,23.281129706203636,7,1993,200,0.5508090958869698,0.5209343640072778,11.464467594201432,0.005829658522005232,10950,0.0,-2.1249289848818407,3.619812657077299,-1.289641057705902,22.564703,130.89069,8.73151,28.502051964898758,1482.566156431686,0.0,4.1787109375,884.333984375,536.087890625,858.673828125,1330.322265625,1027.57421875,2.048402822643993,11.268624782651779,12.513357711080445,28.54361811105749,32.80078125,192.3466796875,220.7958984375,517.6123046875,17.3876953125,104.939453125,138.765625,310.9580078125,1993-07-19,356.27
116,117,35.05,42.35,21.35,13.6,94425.0,-1332480.0,3577,31.387077579414417,43.096158290131,24.295073502345417,7,1993,207,0.5508090958869698,0.5372079123056154,11.510269379481299,0.0070542780109299486,10950,0.0,-2.1249289848818407,3.619812657077299,-1.289641057705902,22.564703,130.89069,8.73151,28.502051964898758,1482.566156431686,0.0,4.158203125,699.08984375,721.3525390625,858.673828125,1330.3154296875,1027.5810546875,1.700827392097889,10.978640933141795,13.317027605295772,29.03071067223814,33.05078125,191.396484375,225.1474609375,513.4443359375,21.7578125,119.1181640625,122.3271484375,321.9677734375,1993-07-26,356.27
117,118,31.85,45.9,20.85,13.2,94425.0,-1332480.0,3577,32.417619388373865,42.964915262342444,23.31722235452538,8,1993,216,0.618369803069737,0.5578398973033405,11.580590128809972,0.00837902180590433,10950,0.0,-2.1249289848818407,3.619812657077299,-1.289641057705902,22.564703,130.89069,8.73151,28.502051964898758,1482.566156431686,0.0,0.3232421875,481.951171875,942.326171875,858.673828125,1330.3017578125,1027.5947265625,2.1585111085066337,10.453489037619962,12.477671198776225,29.935009080879468,31.859375,201.642578125,229.4365234375,509.5556640625,20.5673828125,111.306640625,145.576171875,295.138671875,1993-08-04,356.27
118,119,34.15,46.95,17.65,13.95,94425.0,-1332480.0,3577,32.275685769334196,45.03701097663273,21.318044339558185,8,1993,223,0.618369803069737,0.5736531604577998,11.642696456140063,0.009219410257097493,10950,0.0,-2.1249289848818407,3.619812657077299,-1.289641057705902,22.564703,130.89069,8.73151,28.502051964898758,1482.566156431686,0.0,0.3232421875,371.5888671875,1052.6884765625,858.673828125,1330.3017578125,1027.5947265625,1.8564326062687675,12.629017683653684,12.612000146126595,29.899322568575247,33.388671875,196.5625,233.501953125,518.1962890625,17.306640625,105.041015625,131.8740234375,301.94921875,1993-08-11,356.27
119,120,32.4,46.75,19.55,12.65,94425.0,-1332480.0,3577,33.36535214011496,46.897775444362864,18.364804390653042,8,1993,232,0.618369803069737,0.5936736786949399,11.730135784032406,0.01007740768482357,10950,0.0,-2.1249289848818407,3.619812657077299,-1.289641057705902,22.564703,130.89069,8.73151,28.502051964898758,1482.566156431686,0.0,0.0,282.1787109375,1142.3642578125,858.7314453125,1330.3017578125,1027.5947265625,2.260628574939295,12.739437190774748,13.732906717843,29.499809011547185,33.37890625,199.2939453125,231.7314453125,527.9560546875,21.8173828125,123.013671875,124.3076171875,312.0537109375,1993-08-20,356.27
120,121,32.4,46.7,19.5,11.95,94425.0,-1332480.0,3577,33.7150255832868,48.61167377513401,16.320506686293722,8,1993,239,0.618369803069737,0.6089962754169406,11.802808772939885,0.010592672289243765,10950,0.0,-2.1249289848818407,3.619812657077299,-1.289641057705902,22.564703,130.89069,8.73151,28.502051964898758,1482.566156431686,0.0,0.0,208.4208984375,1216.1220703125,858.7314453125,1330.3017578125,1027.5947265625,1.8324630642491497,12.0338524917048,15.000065765714043,30.755044530613965,33.5791015625,200.2529296875,232.6728515625,530.2509765625,20.63671875,119.7724609375,144.8310546875,290.78515625,1993-08-27,356.27
121,122,32.25,48.8,17.6,11.4,94425.0,-1332480.0,3577,31.519998267981173,48.5274329385712,18.658026802915657,9,1993,248,0.6816387600233341,0.6283668624009903,11.90075346628464,0.01108922455063599,10950,0.0,-2.1249289848818407,3.619812657077299,-1.289641057705902,22.564703,130.89069,8.73151,28.502051964898758,1482.566156431686,0.015625,0.0,80.443359375,1344.099609375,858.7314453125,1330.3017578125,1027.5947265625,2.503092647206527,12.148542743206535,13.030697997466149,32.719906083765224,35.5712890625,207.470703125,235.302734375,529.251953125,23.166015625,128.6279296875,140.119140625,311.47265625,1993-09-05,356.27
122,123,32.2,49.8,16.6,11.4,94425.0,-1332480.0,3577,32.017935006165516,51.68311177985329,15.022884236504284,9,1993,255,0.6816387600233341,0.6431693540965963,11.979528962491102,0.01136398622936774,10950,0.0,-2.1249289848818407,3.619812657077299,-1.289641057705902,22.564703,130.89069,8.73151,28.502051964898758,1482.566156431686,0.015625,0.0,68.4521484375,1356.0908203125,858.7314453125,1330.3017578125,1027.5947265625,2.4180514859140545,14.30230850501793,14.651635390413063,32.01769736338838,35.6611328125,213.736328125,243.0419921875,532.8232421875,21.435546875,129.796875,151.7939453125,327.2841796875,1993-09-12,356.27
123,124,31.6,53.0,14.35,10.25,94425.0,-1332480.0,3577,31.903472688297647,53.76787979821232,13.11482387581263,10,1993,280,0.7401768531960371,0.6940671385790956,12.269540356748509,0.011642211082726561,10950,0.0,-2.1249289848818407,3.619812657077299,-1.289641057705902,22.564703,130.89069,8.73151,28.502051964898758,1482.566156431686,0.8857421875,0.015625,9.5302734375,1399.943359375,873.80078125,1330.2998046875,1027.5966796875,3.1969317484617323,14.490190751349555,18.545487874811485,36.7364586027424,36.154296875,214.240234375,254.6259765625,572.1357421875,23.09765625,141.0771484375,159.4921875,352.14453125,1993-10-07,356.27
124,125,32.1,57.2,9.6,10.35,94425.0,-1332480.0,3577,31.324725584008828,54.83006018748233,12.668046504577122,10,1993,287,0.7401768531960371,0.7077451560938813,12.350546973176193,0.011503989543195203,10950,0.0,-2.1249289848818407,3.619812657077299,-1.289641057705902,22.564703,130.89069,8.73151,28.502051964898758,1482.566156431686,0.8857421875,0.015625,5.291015625,1404.046875,873.9365234375,1330.2998046875,1027.5966796875,2.488410301642999,15.787084539654295,17.687122499811288,39.03087750597794,37.3740234375,221.552734375,250.39453125,577.455078125,22.248046875,136.30859375,164.1748046875,362.685546875,1993-10-14,356.27
125,126,31.25,55.65,11.9,10.2,94425.0,-1332480.0,3577,31.483887938681995,54.75521985753366,12.668331204397425,10,1993,296,0.7401768531960371,0.7249480041597827,12.452443307067588,0.011142173430974012,10950,0.0,-2.1249289848818407,3.619812657077299,-1.289641057705902,22.564703,130.89069,8.73151,28.502051964898758,1482.566156431686,0.0,0.9013671875,4.1708984375,1387.73828125,891.365234375,1329.9384765625,1024.8955078125,3.1933654263637066,15.82539649141749,17.871822508775658,42.02211024344353,38.1943359375,229.083984375,262.27734375,577.427734375,23.908203125,140.1767578125,158.1962890625,369.1533203125,1993-10-23,356.27
126,127,33.1,54.05,11.75,10.75,94425.0,-1332480.0,3577,32.89382212214538,52.85883651950974,13.169081383011303,11,1993,312,0.793577803248942,0.7544360607860527,12.620800483718064,0.009820089165343049,10950,0.0,-2.1249289848818407,3.619812657077299,-1.289641057705902,22.564703,130.89069,8.73151,28.502051964898758,1482.566156431686,10.0048828125,0.9013671875,0.3232421875,1381.9091796875,879.29296875,1336.28125,975.5908203125,2.5526858999445423,18.929073818395928,18.275653091790332,42.65992328203499,38.7021484375,240.9619140625,272.517578125,606.4033203125,25.3056640625,149.025390625,171.8671875,370.3076171875,1993-11-08,356.27
127,128,39.75,48.05,11.05,12.35,94425.0,-1332480.0,3577,36.57074086903262,49.23587542487736,13.075981294245594,12,1993,335,0.8414709848078965,0.7942718851028194,12.804256814695966,0.0058645928289795535,10950,0.0,-2.1249289848818407,3.619812657077299,-1.289641057705902,22.564703,130.89069,8.73151,28.502051964898758,1482.566156431686,97.3212890625,9.1630859375,0.015625,1307.7314453125,841.185546875,1371.7900390625,1014.2119140625,2.4173137253319372,13.196421919521192,12.944202180011409,44.901371733190295,35.6015625,217.44140625,255.7333984375,626.73046875,24.56640625,149.6552734375,176.1923828125,404.224609375,1993-12-01,356.27
128,129,37.25,41.5,20.2,8.75,94425.0,-1332480.0,3577,42.974402996378004,43.88228257809645,11.988663967609543,12,1993,344,0.8414709848078965,0.8090099158228746,12.84612065179343,0.0036328820868600786,10950,0.0,-2.1249289848818407,3.619812657077299,-1.289641057705902,22.564703,130.89069,8.73151,28.502051964898758,1482.566156431686,122.46484375,10.9052734375,0.015625,1167.1708984375,978.0146484375,1340.1123046875,1039.5283203125,1.1377845677311458,13.084390617467395,15.986780956708106,34.82648676415553,35.0791015625,226.25390625,253.4873046875,597.240234375,24.056640625,155.8212890625,172.57421875,401.8955078125,1993-12-10,356.27
129,130,50.0,37.35,11.4,11.8,94425.0,-1332480.0,3577,51.88283682261236,36.9408235727066,9.9395440472825,12,1993,351,0.8414709848078965,0.8201332336486015,12.863931981873199,0.0017107000126177496,10950,0.0,-2.1249289848818407,3.619812657077299,-1.289641057705902,22.564703,130.89069,8.73151,28.502051964898758,1482.566156431686,187.2099609375,17.2734375,0.8359375,1144.9638671875,978.81640625,1304.8330078125,1038.4072265625,1.9445112450253819,7.6950173596009455,14.222175185198541,32.89913076805775,36.8994140625,206.1845703125,261.3330078125,580.9443359375,25.716796875,147.61328125,179.8779296875,397.337890625,1993-12-17,356.27
130,131,61.2,34.85,2.7,15.9,94425.0,-1332480.0,3577,59.91073199245679,31.505924570780543,7.280356794906791,1,1994,2,0.08323691620031025,0.005479424635297034,12.851541612891161,-0.002926044656398119,10950,0.0,-2.1249289848818407,3.619812657077299,-1.289641057705902,22.564703,130.89069,8.73151,28.502051964898758,1482.566156431686,347.0146484375,105.796875,0.9013671875,1006.240234375,1081.529296875,1252.0341796875,1045.060546875,0.8952050540493663,3.9240373854511708,7.30513178061854,26.686549465496547,33.9482421875,189.0146484375,234.193359375,573.9951171875,24.314453125,146.421875,175.740234375,401.1123046875,1994-01-02,357.78
131,132,71.4,25.25,1.8,17.05,94425.0,-1332480.0,3577,68.98645131956795,25.955646366014005,3.653810431054468,1,1994,18,0.08323691620031025,0.04929508207995412,12.769825111249844,-0.006872388348874381,10950,0.0,-2.1249289848818407,3.619812657077299,-1.289641057705902,22.564703,130.89069,8.73151,28.502051964898758,1482.566156431686,329.5234375,241.2626953125,0.9013671875,956.0546875,1024.744140625,971.099609375,1317.96875,1.273328972400119,7.1163562052630125,8.071898490925925,13.995664755214364,35.1884765625,209.029296875,239.916015625,524.3017578125,25.1943359375,148.654296875,178.376953125,393.6845703125,1994-01-18,357.78
132,133,76.7,21.1,0.85,16.85,94425.0,-1332480.0,3577,74.72884344756292,22.36132628980592,1.4676600489291796,2,1994,34,0.16589613269341502,0.09301603117127316,12.634836820227676,-0.009613963601752928,10950,0.0,-2.1249289848818407,3.619812657077299,-1.289641057705902,22.564703,130.89069,8.73151,28.502051964898758,1482.566156431686,192.4580078125,509.970703125,10.876953125,494.9833984375,1402.8486328125,910.6328125,1326.96484375,1.1201884613290047,7.258731114412672,8.885580893696325,19.26433430343664,34.32421875,206.3447265625,249.365234375,556.1796875,24.2783203125,146.8173828125,171.818359375,402.59375,1994-02-03,357.78
133,134,79.3,18.25,1.0,17.45,94425.0,-1332480.0,3577,78.88012297299045,20.029393362052904,0.0,3,1994,75,0.24740395925452294,0.20403654929016468,12.175463654278312,-0.01184413647117033,10950,0.0,-2.1249289848818407,3.619812657077299,-1.289641057705902,22.564703,130.89069,8.73151,28.502051964898758,1482.566156431686,422.4892578125,603.861328125,204.4833984375,69.2880859375,1441.58203125,865.89453125,1415.5048828125,1.559419311721127,7.701515220071021,4.851035600141871,10.65825027031086,33.583984375,201.984375,226.0078125,498.673828125,24.8154296875,143.1494140625,171.0048828125,384.0244140625,1994-03-16,357.78
134,135,76.35,20.85,1.2,18.0,94425.0,-1332480.0,3577,78.78702504924237,20.10331897204662,0.0,3,1994,82,0.24740395925452294,0.22277251545669122,12.092730662565597,-0.011786963409258888,10950,0.0,-2.1249289848818407,3.619812657077299,-1.289641057705902,22.564703,130.89069,8.73151,28.502051964898758,1482.566156431686,339.11328125,630.1611328125,287.234375,33.2109375,1458.5791015625,881.669921875,1404.587890625,1.6292151381672828,9.277918753727276,9.260934531792147,10.2936730218137,34.6240234375,200.7236328125,235.568359375,501.962890625,24.10546875,144.1689453125,167.96484375,387.583984375,1994-03-23,357.78
135,136,72.9,24.3,1.45,17.9,94425.0,-1332480.0,3577,74.73043365302311,22.09817922015734,1.749043062200694,4,1994,91,0.3271946967961522,0.24674026262895252,11.987568755893147,-0.011580915232336508,10950,0.0,-2.1249289848818407,3.619812657077299,-1.289641057705902,22.564703,130.89069,8.73151,28.502051964898758,1482.566156431686,235.08203125,597.3115234375,434.3486328125,17.4658203125,1470.4794921875,872.939453125,1396.3896484375,1.865218352626929,9.925732118161356,11.277223011167013,17.490695438125755,34.50390625,208.1845703125,236.5576171875,529.6337890625,24.9150390625,141.6904296875,168.134765625,386.0791015625,1994-04-01,357.78
136,137,77.9,20.4,0.4,19.45,94425.0,-1332480.0,3577,71.02638723504536,25.266638160597232,2.308144796379745,4,1994,98,0.3271946967961522,0.2652788769038835,11.907507109983527,-0.011316205340502705,10950,0.0,-2.1249289848818407,3.619812657077299,-1.289641057705902,22.564703,130.89069,8.73151,28.502051964898758,1482.566156431686,185.6875,624.474609375,526.548828125,10.44140625,1456.6767578125,834.8642578125,1427.40625,0.9564374150423383,9.17958105203887,11.790950470788285,23.916882849150895,32.732421875,201.04296875,242.6884765625,540.18359375,23.19140625,144.0966796875,166.60546875,383.208984375,1994-04-08,357.78
137,138,60.65,33.95,4.1,14.35,94425.0,-1332480.0,3577,67.36742081446957,28.94944575547858,2.2852811275408476,4,1994,107,0.3271946967961522,0.2889699253527544,11.8079717739263,-0.010827877063466218,10950,0.0,-2.1249289848818407,3.619812657077299,-1.289641057705902,22.564703,130.89069,8.73151,28.502051964898758,1482.566156431686,145.5224609375,663.4228515625,570.7861328125,6.1923828125,1436.6494140625,850.8408203125,1415.2333984375,1.8639780259999923,10.201329137882583,8.596139175041511,27.017311771604913,33.171875,195.15234375,231.78515625,549.1005859375,19.6708984375,121.1455078125,168.9375,380.22265625,1994-04-17,357.78
138,139,66.45,30.8,1.15,17.3,94425.0,-1332480.0,3577,63.52952218059628,32.47489770291143,2.585193444326184,4,1994,114,0.3271946967961522,0.3072755703568896,11.7341512102672,-0.010316452006145838,10950,0.0,-2.1249289848818407,3.619812657077299,-1.289641057705902,22.564703,130.89069,8.73151,28.502051964898758,1482.566156431686,123.310546875,614.8916015625,641.6171875,5.072265625,1436.587890625,846.3310546875,1420.919921875,1.976218029133095,10.698903518636365,12.065307163882576,24.33622793547941,34.681640625,202.8916015625,228.32421875,544.328125,25.4013671875,125.3056640625,140.81640625,381.025390625,1994-04-24,357.78
139,140,53.95,39.2,5.5,16.65,94425.0,-1332480.0,3577,59.45003355776461,35.79448570005311,3.3580679382531935,5,1994,123,0.40471456356112473,0.33064440357052394,11.645403546056677,-0.009461121114513915,10950,0.0,-2.1249289848818407,3.619812657077299,-1.289641057705902,22.564703,130.89069,8.73151,28.502051964898758,1482.566156431686,116.5498046875,558.3896484375,698.4453125,11.1513671875,1440.435546875,842.515625,1423.755859375,1.922584721819967,11.039491561298892,13.402800032364423,23.90443110639335,34.3486328125,208.6494140625,240.623046875,525.953125,21.6064453125,142.3916015625,160.908203125,347.9853515625,1994-05-03,357.78
140,141,61.4,35.95,1.2,17.35,94425.0,-1332480.0,3577,56.56278767671111,39.65962891596974,2.400938535148701,5,1994,130,0.40471456356112473,0.3486819095177108,11.582441957811639,-0.008621514759420634,10950,0.0,-2.1249289848818407,3.619812657077299,-1.289641057705902,22.564703,130.89069,8.73151,28.502051964898758,1482.566156431686,21.0498046875,586.5078125,777.4853515625,11.3115234375,1440.435546875,842.515625,1367.7841796875,1.741912813554163,9.953196449730928,12.962076283118858,28.711091963716257,33.62890625,204.833984375,242.998046875,534.791015625,22.515625,138.6044921875,163.998046875,339.9560546875,1994-05-10,357.78
141,142,56.55,40.85,1.35,16.55,94425.0,-1332480.0,3577,53.744873238208854,43.4220669423391,1.460843490874232,5,1994,139,0.40471456356112473,0.37168363004143945,11.51126358030169,-0.007296593703253862,10950,0.0,-2.1249289848818407,3.619812657077299,-1.289641057705902,22.564703,130.89069,8.73151,28.502051964898758,1482.566156431686,15.3984375,501.7841796875,842.1689453125,36.6796875,1424.6005859375,858.673828125,1367.783203125,2.3730423552528377,11.072240188733728,12.129747204352192,29.986916120754806,33.6689453125,194.7744140625,232.6220703125,552.19921875,20.576171875,115.7763671875,160.310546875,367.8076171875,1994-05-19,357.78
142,143,47.5,47.1,4.0,15.0,94425.0,-1332480.0,3577,50.64014808719934,45.559203490001636,2.5148000606201175,6,1994,155,0.479425538604203,0.41200875800437725,11.41921133467746,-0.004263414454134917,10950,0.0,-2.1249289848818407,3.619812657077299,-1.289641057705902,22.564703,130.89069,8.73151,28.502051964898758,1482.566156431686,0.6455078125,300.4453125,985.3203125,109.6201171875,1424.6005859375,858.673828125,1330.5087890625,1.7895340197267022,11.197344445516553,12.768776515384584,30.254392576290435,31.9189453125,198.8037109375,231.47265625,527.353515625,19.318359375,117.1005859375,136.111328125,337.8447265625,1994-06-04,357.78
143,144,45.45,49.55,3.85,14.95,94425.0,-1332480.0,3577,48.47615774317836,46.93255104028397,3.3523284764765826,6,1994,171,0.479425538604203,0.45154231266253464,11.381633931386737,-0.0005967060320735129,10950,0.0,-2.1249289848818407,3.619812657077299,-1.289641057705902,22.564703,130.89069,8.73151,28.502051964898758,1482.566156431686,1.01171875,141.0673828125,975.37890625,279.5849609375,1424.6005859375,858.673828125,1330.5087890625,1.6801657101246876,9.323304505469451,11.788477402219472,28.899543081296425,31.12890625,187.1640625,222.763671875,526.962890625,16.5478515625,103.6875,128.63671875,309.826171875,1994-06-20,357.78
144,145,46.9,47.95,3.9,14.4,94425.0,-1332480.0,3577,44.2078416939032,48.297499404612935,6.285529022060592,7,1994,187,0.5508090958869698,0.4902083400321613,11.404254017494043,0.00314897511793788,10950,0.0,-2.1249289848818407,3.619812657077299,-1.289641057705902,22.564703,130.89069,8.73151,28.502051964898758,1482.566156431686,1.01171875,123.8779296875,745.5673828125,526.5859375,1424.6005859375,858.673828125,1330.3564453125,1.3481602336168637,8.910909935813047,10.674614415103783,26.54133534988366,30.470703125,173.8525390625,210.6943359375,504.654296875,18.908203125,86.2783203125,105.736328125,277.767578125,1994-07-06,357.78
145,146,44.4,48.95,5.5,14.75,94425.0,-1332480.0,3577,41.374538309981034,47.003286496777925,10.404148173806064,7,1994,194,0.5508090958869698,0.5068328870254867,11.432379619172275,0.004651907336940653,10950,0.0,-2.1249289848818407,3.619812657077299,-1.289641057705902,22.564703,130.89069,8.73151,28.502051964898758,1482.566156431686,1.01171875,18.615234375,834.5,542.916015625,1424.6005859375,858.673828125,1330.3525390625,1.6872088979008721,10.979204850402816,10.259070169429911,25.427472362767972,31.0712890625,190.0556640625,204.3232421875,492.5849609375,12.8984375,112.849609375,105.1865234375,254.8671875,1994-07-13,357.78
146,147,35.2,42.2,21.3,16.4,94425.0,-1332480.0,3577,37.73949316936369,45.65083677931293,15.39429842602987,7,1994,203,0.5508090958869698,0.527932552869423,11.483053921030093,0.0063749792351028844,10950,0.0,-2.1249289848818407,3.619812657077299,-1.289641057705902,22.564703,130.89069,8.73151,28.502051964898758,1482.566156431686,0.0,16.322265625,739.3525390625,641.3681640625,1424.6005859375,858.673828125,1330.322265625,1.948577600114418,10.693030669671506,13.211269807723616,24.234614197082976,31.0107421875,180.6748046875,222.6767578125,476.4296875,18.8681640625,92.55859375,114.8076171875,251.6591796875,1994-07-22,357.78
147,148,35.2,43.55,20.1,15.1,94425.0,-1332480.0,3577,36.15893394530625,43.85788607676498,18.73549654679406,7,1994,210,0.5508090958869698,0.5441221534109104,11.532385043086212,0.007527194875212473,10950,0.0,-2.1249289848818407,3.619812657077299,-1.289641057705902,22.564703,130.89069,8.73151,28.502051964898758,1482.566156431686,0.0,15.0546875,678.458984375,703.529296875,1424.6005859375,858.673828125,1330.3017578125,1.691279539368063,10.54079936152521,12.641608269785923,26.77126958970281,30.9013671875,183.466796875,211.685546875,488.412109375,15.8984375,97.1279296875,111.4267578125,260.73046875,1994-07-29,357.78
148,149,36.35,45.85,16.4,14.1,94425.0,-1332480.0,3577,34.71954686180173,43.03789430383215,20.98090562687772,8,1994,219,0.618369803069737,0.5646424733950354,11.60649356530392,0.00875886170957152,10950,0.0,-2.1249289848818407,3.619812657077299,-1.289641057705902,22.564703,130.89069,8.73151,28.502051964898758,1482.566156431686,0.0,1.01171875,617.890625,778.140625,1424.6005859375,858.673828125,1330.3017578125,1.7605538064403137,11.138394468176596,11.842579577039848,29.60593919510038,33.30859375,184.0361328125,213.9775390625,497.6748046875,19.9072265625,93.4931640625,108.896484375,262.7197265625,1994-08-07,357.78
149,150,31.65,39.5,27.7,12.85,94425.0,-1332480.0,3577,33.97058065772728,43.03093701963028,21.732305310785033,8,1994,226,0.618369803069737,0.5803660231565494,11.670985650307431,0.009531833056424688,10950,0.0,-2.1249289848818407,3.619812657077299,-1.289641057705902,22.564703,130.89069,8.73151,28.502051964898758,1482.566156431686,0.0,1.01171875,586.8505859375,809.1806640625,1424.6005859375,858.673828125,1330.3017578125,1.9093769832787042,11.98407945158017,12.89894827461691,28.237248964416608,31.458984375,189.32421875,217.3447265625,488.9755859375,16.197265625,98.3037109375,113.400390625,256.80859375,1994-08-14,357.78
150,151,34.55,44.45,19.7,12.1,94425.0,-1332480.0,3577,34.00369893264122,43.88776440277333,20.856836043210635,8,1994,235,0.618369803069737,0.6002675725424578,11.76084500299932,0.010313301594630175,10950,0.0,-2.1249289848818407,3.619812657077299,-1.289641057705902,22.564703,130.89069,8.73151,28.502051964898758,1482.566156431686,0.0,1.01171875,444.2900390625,951.7412109375,1424.54296875,858.7314453125,1330.3017578125,2.2896295797741906,11.230625677637741,13.421101071242868,28.73002290112199,32.2587890625,190.044921875,215.22265625,498.7802734375,17.5966796875,87.6923828125,109.2705078125,256.8916015625,1994-08-23,357.78
151,152,34.9,48.2,15.6,12.5,94425.0,-1332480.0,3577,34.86664898568402,45.477195869139535,18.41202126047052,8,1994,242,0.618369803069737,0.6154948625975961,11.834961080425812,0.01077755743095743,10950,0.0,-2.1249289848818407,3.619812657077299,-1.289641057705902,22.564703,130.89069,8.73151,28.502051964898758,1482.566156431686,0.0,1.01171875,332.4736328125,1063.5419921875,1424.55859375,858.7314453125,1330.3017578125,1.8577572334917052,13.275150622921556,13.520255257411932,30.308544395325015,33.6787109375,200.89453125,222.3037109375,500.025390625,14.8173828125,102.322265625,105.2890625,257.265625,1994-08-30,357.78
152,153,35.8,47.9,15.1,11.5,94425.0,-1332480.0,3577,34.75238368442183,48.02847322954965,15.974115049035264,9,1994,251,0.6816387600233341,0.6347394054621148,11.934282750456918,0.011218121032861461,10950,0.0,-2.1249289848818407,3.619812657077299,-1.289641057705902,22.564703,130.89069,8.73151,28.502051964898758,1482.566156431686,0.0,1.01171875,175.8427734375,1220.1728515625,1424.55859375,858.7314453125,1330.3017578125,2.1069235176875476,11.942420013825842,14.383277590508882,31.931114080891266,34.5009765625,201.49609375,234.7734375,504.7744140625,19.1064453125,123.595703125,120.9990234375,248.2138671875,1994-09-08,357.78
153,154,36.5,46.45,15.85,11.5,94425.0,-1332480.0,3577,33.6819123600807,49.585211846969145,15.509686288940934,9,1994,258,0.6816387600233341,0.649441180325217,12.01380586755136,0.01145471602596615,10950,0.0,-2.1249289848818407,3.619812657077299,-1.289641057705902,22.564703,130.89069,8.73151,28.502051964898758,1482.566156431686,0.0,0.0,160.3857421875,1236.6416015625,1424.203125,859.0869140625,1330.3017578125,2.0104104342582825,13.204902479685419,14.04934353151339,32.893290600157286,34.9013671875,204.9853515625,235.9970703125,524.3251953125,21.7158203125,104.0458984375,142.7021484375,259.9423828125,1994-09-15,357.78
154,155,33.75,51.2,13.8,11.0,94425.0,-1332480.0,3577,34.94832066797488,50.733907423837934,13.008843014568622,9,1994,267,0.6816387600233341,0.6679917430213101,12.1178991757667,0.011634510578284463,10950,0.0,-2.1249289848818407,3.619812657077299,-1.289641057705902,22.564703,130.89069,8.73151,28.502051964898758,1482.566156431686,0.0,0.0,139.3115234375,1256.830078125,1410.375,873.80078125,1330.2998046875,2.604138996662406,14.958974682053913,15.700439708814034,33.071945183057395,35.380859375,213.2060546875,240.5166015625,540.3720703125,17.0263671875,103.306640625,125.2822265625,300.9228515625,1994-09-24,357.78
155,156,32.25,54.25,12.1,10.85,94425.0,-1332480.0,3577,37.12317651388304,52.94500530428532,8.583231938339015,10,1994,274,0.7401768531960371,0.6821397568546641,12.199563628655763,0.0116777944877402,10950,0.0,-2.1249289848818407,3.619812657077299,-1.289641057705902,22.564703,130.89069,8.73151,28.502051964898758,1482.566156431686,0.0,0.0,129.3798828125,1266.76171875,1410.375,873.80078125,1330.2998046875,2.0011751733289103,11.98226572685216,17.56311367871632,34.38910730136254,36.291015625,211.4951171875,248.5869140625,546.115234375,21.2158203125,112.716796875,120.3330078125,305.2060546875,1994-10-01,357.78
156,157,36.95,52.5,9.3,11.55,94425.0,-1332480.0,3577,36.310057950300205,52.18183766696919,10.185474896618887,10,1994,283,0.7401768531960371,0.6999606990471843,12.304380183796448,0.011596633082874064,10950,0.0,-2.1249289848818407,3.619812657077299,-1.289641057705902,22.564703,130.89069,8.73151,28.502051964898758,1482.566156431686,7.00390625,0.0,19.626953125,1376.5146484375,1410.2392578125,873.9365234375,1330.2998046875,3.281949324771495,13.358002094915038,14.58856293800598,37.72697327315433,37.3642578125,222.7841796875,252.931640625,559.2861328125,23.1376953125,128.8076171875,139.935546875,284.0078125,1994-10-10,357.78
157,158,38.7,49.35,10.6,11.9,94425.0,-1332480.0,3577,37.60861965691126,50.046120288372876,11.063643941196469,10,1994,290,0.7401768531960371,0.7135277699284436,12.384873096595504,0.01140846487611391,10950,0.0,-2.1249289848818407,3.619812657077299,-1.289641057705902,22.564703,130.89069,8.73151,28.502051964898758,1482.566156431686,10.974609375,0.0,16.41015625,1379.7314453125,1410.2392578125,873.9365234375,1330.2890625,2.1692923276187606,15.372032588874767,16.639951419686533,36.615096502346276,36.673828125,218.4736328125,260.1484375,571.701171875,21.998046875,129.1171875,151.9453125,298.6611328125,1994-10-17,357.78
158,159,45.6,44.65,8.55,12.5,94425.0,-1332480.0,3577,39.59704258589116,46.044980406583434,13.212231267182855,11,1994,315,0.793577803248942,0.7598053683187144,12.64953522822113,0.009452663188943333,10950,0.0,-2.1249289848818407,3.619812657077299,-1.289641057705902,22.564703,130.89069,8.73151,28.502051964898758,1482.566156431686,23.86328125,7.00390625,1.01171875,1385.04296875,1392.4072265625,877.4833984375,1330.1787109375,3.078453415401827,15.741233156995534,14.83907438791333,40.56840060584332,40.1123046875,231.951171875,259.3212890625,594.6650390625,23.146484375,139.1875,172.7197265625,362.248046875,1994-11-11,357.78
159,160,46.15,43.45,9.15,13.4,94425.0,-1332480.0,3577,43.83978689008994,39.794779059943394,15.428986338736356,11,1994,322,0.793577803248942,0.7721335221626509,12.711736228050961,0.008426088029043655,10950,0.0,-2.1249289848818407,3.619812657077299,-1.289641057705902,22.564703,130.89069,8.73151,28.502051964898758,1482.566156431686,22.4423828125,10.974609375,1.01171875,1361.03125,1391.1396484375,895.1318359375,1331.6826171875,1.965378034614737,14.727182510511875,18.819686572397362,38.91491492258043,36.3916015625,226.6630859375,272.0634765625,599.2685546875,24.1357421875,146.5361328125,162.333984375,378.7421875,1994-11-18,357.78
160,161,39.6666666666667,37.0,23.0,16.6666666666667,94405.0,-1332495.0,3577,49.700533316005775,32.89699928553926,16.598507220331363,12,1994,338,0.8414709848078965,0.7992386648112959,12.820445380864983,0.005157543077412896,10950,0.0,-2.1249289848818407,3.619812657077299,-1.289641057705902,22.564703,130.89069,8.73151,28.502051964898758,1482.566156431686,126.3720703125,20.66796875,1.01171875,1289.3330078125,1412.6474609375,842.615234375,1362.4013671875,1.1989499541452227,10.575993469166313,14.220918248159832,41.675413269618716,34.8486328125,215.6357421875,260.712890625,615.7314453125,22.9765625,146.48828125,174.7314453125,381.8974609375,1994-12-04,357.78
161,162,49.6,18.6,30.9,8.3,94425.0,-1332480.0,3577,56.024139946732205,27.42656801402522,15.795737080254842,12,1994,363,0.8414709848078965,0.8384978067456823,12.862154838449003,-0.0017231461922850855,10950,0.0,-2.1249289848818407,3.619812657077299,-1.289641057705902,22.564703,130.89069,8.73151,28.502051964898758,1482.566156431686,294.181640625,62.671875,0.0,1047.4755859375,1363.791015625,1101.046875,1232.2158203125,1.0492217609487013,7.290830300089114,9.118993186328291,24.74614345158528,33.9892578125,205.18359375,237.6123046875,566.6796875,24.8173828125,148.203125,170.359375,390.8310546875,1994-12-29,357.78
162,163,73.7333333333333,24.0,1.6,16.4666666666667,94433.0,-1332471.0,3577,62.19146477876198,22.078185282206753,14.96916798371683,1,1995,30,0.08323691620031025,0.08209927113191513,12.672471565512247,-0.009050110542053957,10950,0.0,-2.1249289848818407,3.619812657077299,-1.289641057705902,22.564703,130.89069,8.73151,28.502051964898758,1482.566156431686,691.1162109375,383.5634765625,18.8564453125,693.513671875,1320.6162109375,1305.9638671875,934.6103515625,0.8615435593444525,3.757999302630094,3.7811283171418006,17.19234354663595,32.7578125,184.20703125,219.7265625,533.5712890625,24.9443359375,144.22265625,170.0283203125,386.6552734375,1995-01-30,359.71
163,164,68.5,21.1,9.6,17.7,94425.0,-1332480.0,3577,71.51206780834195,20.92683972374062,6.6480078229294275,2,1995,37,0.16589613269341502,0.10119634195510843,12.605241308113987,-0.009986048820923799,10950,0.0,-2.1249289848818407,3.619812657077299,-1.289641057705902,22.564703,130.89069,8.73151,28.502051964898758,1482.566156431686,702.89453125,411.3798828125,30.8466796875,625.1728515625,1229.50390625,1432.1611328125,868.58203125,1.1128163587513813,6.289096987691141,4.619542861974547,11.128933657140085,33.5439453125,204.6513671875,216.96484375,507.029296875,26.4482421875,157.16015625,169.1669921875,386.04296875,1995-02-06,359.71
164,165,77.85,19.95,0.95,16.7,94425.0,-1332480.0,3577,75.92884669508922,20.705512134920802,2.2430578709213136,3,1995,69,0.24740395925452294,0.1879171603965242,12.246495635334105,-0.01181653762209578,10950,0.0,-2.1249289848818407,3.619812657077299,-1.289641057705902,22.564703,130.89069,8.73151,28.502051964898758,1482.566156431686,419.88671875,968.6650390625,187.8046875,204.0322265625,1273.451171875,1500.953125,828.75,0.7563514664372042,3.43123898841955,4.427300837435491,13.584768368603907,31.3740234375,183.7841796875,220.998046875,527.994140625,24.544921875,151.58984375,171.25,394.01953125,1995-03-10,359.71
165,166,74.45,23.25,0.8,19.0,94425.0,-1332480.0,3577,76.21398745731972,21.868654874533956,0.6058368875705467,3,1995,85,0.24740395925452294,0.23077753448423538,12.057470688725196,-0.01173468361032981,10950,0.0,-2.1249289848818407,3.619812657077299,-1.289641057705902,22.564703,130.89069,8.73151,28.502051964898758,1482.566156431686,224.11328125,1079.7685546875,295.994140625,139.6328125,1284.814453125,1459.9697265625,873.5556640625,1.7129779811359,8.505187733622908,7.986957423602868,11.233743721402034,35.853515625,205.484375,230.5068359375,503.404296875,23.2451171875,145.4013671875,176.71484375,396.9150390625,1995-03-26,359.71
166,167,73.7,24.15,0.9,18.75,94425.0,-1332480.0,3577,72.24348870942218,24.406539435792748,1.910160066970932,4,1995,101,0.3271946967961522,0.27319452640568975,11.873840917498978,-0.011172920766243877,10950,0.0,-2.1249289848818407,3.619812657077299,-1.289641057705902,22.564703,130.89069,8.73151,28.502051964898758,1482.566156431686,190.578125,1109.5380859375,460.3154296875,26.6748046875,1386.900390625,1440.4306640625,845.3447265625,1.506066879174457,6.658312915033402,5.827595181159855,21.05694741076836,34.7724609375,197.5615234375,223.05078125,541.732421875,22.951171875,146.49609375,166.79296875,392.8515625,1995-04-11,359.71
167,168,70.45,27.0,1.1,18.6,94425.0,-1332480.0,3577,65.40025655458115,26.88463595227899,6.3294669726548864,4,1995,110,0.3271946967961522,0.2968286090986977,11.775891237065872,-0.01062388642941059,10950,0.0,-2.1249289848818407,3.619812657077299,-1.289641057705902,22.564703,130.89069,8.73151,28.502051964898758,1482.566156431686,182.998046875,786.2763671875,791.9501953125,27.384765625,1384.8115234375,1437.76171875,850.8408203125,1.670692207406285,8.484000095489675,10.531700049356752,17.408489149194125,34.2919921875,207.1416015625,238.4833984375,527.6923828125,22.05078125,146.1171875,166.7373046875,383.44140625,1995-04-20,359.71
168,169,61.7,35.6,1.1,17.85,94425.0,-1332480.0,3577,58.71413684353983,28.763649353737936,11.147238519992275,4,1995,117,0.3271946967961522,0.31508664236294787,11.703714061594304,-0.010057559396509319,10950,0.0,-2.1249289848818407,3.619812657077299,-1.289641057705902,22.564703,130.89069,8.73151,28.502051964898758,1482.566156431686,165.564453125,620.6416015625,974.9560546875,26.095703125,1386.146484375,1436.6005859375,842.515625,1.9219859151124743,11.845798732675677,10.15469230289596,17.48115309519931,34.3623046875,207.681640625,241.43359375,523.568359375,19.310546875,128.646484375,168.16796875,383.142578125,1995-04-27,359.71
169,170,37.3333333333333,21.4,40.2666666666667,13.2666666666667,94413.0,-1332483.0,3577,56.56448324636334,32.364380047192554,9.781448685471993,5,1995,126,0.40471456356112473,0.33839004177513726,11.61769398543991,-0.009121004803727573,10950,0.0,-2.1249289848818407,3.619812657077299,-1.289641057705902,22.564703,130.89069,8.73151,28.502051964898758,1482.566156431686,32.236328125,606.5859375,1110.8154296875,32.4873046875,1395.708984375,1440.435546875,842.515625,1.9277657822820546,8.286983676696147,13.60757052593225,24.47901321903549,29.958984375,200.3212890625,240.4140625,550.1611328125,22.5361328125,141.40625,142.177734375,379.02734375,1995-05-06,359.71
170,171,59.2,38.1,1.45,17.8,94425.0,-1332480.0,3577,53.50536491371605,35.833165905296774,9.42040529130172,5,1995,133,0.40471456356112473,0.3563733969778998,11.557391083241617,-0.008211233824155784,10950,0.0,-2.1249289848818407,3.619812657077299,-1.289641057705902,22.564703,130.89069,8.73151,28.502051964898758,1482.566156431686,12.5517578125,542.6220703125,1196.267578125,31.8798828125,1396.3544921875,1434.9677734375,847.9833984375,1.5015291124092904,8.98959896144598,10.214749458978202,27.55488369561099,33.6591796875,194.93359375,230.2802734375,552.091796875,24.1962890625,140.3662109375,163.9423828125,354.4677734375,1995-05-13,359.71
171,172,56.2,40.8,1.8,16.85,94425.0,-1332480.0,3577,52.714049881998655,39.099927471903044,6.968893026477131,5,1995,142,0.40471456356112473,0.3793013413695274,11.49037598080188,-0.0067920243022854265,10950,0.0,-2.1249289848818407,3.619812657077299,-1.289641057705902,22.564703,130.89069,8.73151,28.502051964898758,1482.566156431686,10.142578125,406.28515625,1320.9853515625,45.94140625,1396.03125,1424.6005859375,858.673828125,1.6371281078316748,10.39573863112144,10.629809467769622,27.285076414244152,30.5986328125,203.1435546875,234.9326171875,534.5322265625,17.17578125,137.3759765625,167.9921875,348.251953125,1995-05-22,359.71
172,173,51.8,43.9,3.05,16.15,94425.0,-1332480.0,3577,50.38293027920757,42.49048041740906,5.889176715956028,6,1995,158,0.479425538604203,0.4194839069007152,11.407721284928089,-0.0036108881279233174,10950,0.0,-2.1249289848818407,3.619812657077299,-1.289641057705902,22.564703,130.89069,8.73151,28.502051964898758,1482.566156431686,1.876953125,238.208984375,1375.4306640625,167.83984375,1396.03125,1424.6005859375,858.673828125,1.5225770438061677,10.338245031625398,12.087463288913938,26.29569464312941,32.2890625,198.033203125,229.421875,533.54296875,20.34765625,130.6064453125,144.4423828125,357.505859375,1995-06-07,359.71
173,174,49.25,45.7,3.65,15.4,94425.0,-1332480.0,3577,47.36895364696514,45.295493515765386,6.062569009936528,6,1995,174,0.479425538604203,0.4588605374704814,11.381275786420073,0.00011935787331118775,10950,0.0,-2.1249289848818407,3.619812657077299,-1.289641057705902,22.564703,130.89069,8.73151,28.502051964898758,1482.566156431686,3.9677734375,182.4736328125,1314.25390625,285.615234375,1397.04296875,1424.6005859375,858.673828125,1.504746508724217,10.08149948688747,10.31344813940892,26.880187402901004,28.728515625,161.904296875,228.8828125,525.40234375,15.837890625,108.6982421875,148.1962890625,338.8828125,1995-06-23,359.71
174,175,48.65,46.35,3.7,14.9,94425.0,-1332480.0,3577,43.03782502326751,47.71015609776507,7.913362488903102,6,1995,181,0.479425538604203,0.475814996640089,11.388760910585367,0.0017765674515874963,10950,0.0,-2.1249289848818407,3.619812657077299,-1.289641057705902,22.564703,130.89069,8.73151,28.502051964898758,1482.566156431686,3.966796875,138.458984375,1234.40234375,409.482421875,1397.04296875,1424.6005859375,858.673828125,1.0844555887882488,8.465741139167925,11.586245995611687,25.106172253395982,29.9287109375,188.3740234375,190.6328125,524.86328125,18.4775390625,105.1474609375,124.5361328125,342.63671875,1995-06-30,359.71
175,176,28.7,49.1,20.95,15.0,94425.0,-1332480.0,3577,36.90423297032653,49.55383749376817,12.192238050904955,7,1995,190,0.5508090958869698,0.4973555805860436,11.415024051340652,0.0038082119245217427,10950,0.0,-2.1249289848818407,3.619812657077299,-1.289641057705902,22.564703,130.89069,8.73151,28.502051964898758,1482.566156431686,3.9658203125,14.9091796875,1308.8330078125,458.6025390625,1397.04296875,1424.6005859375,858.673828125,1.4672225083614243,11.534943316292601,11.222614821296288,24.663147015281773,30.6708984375,181.1552734375,218.314453125,480.4140625,19.3876953125,123.728515625,129.974609375,307.98828125,1995-07-09,359.71
176,177,30.85,48.15,19.7,12.65,94425.0,-1332480.0,3577,30.630568966632502,48.54459070340698,19.52474506916939,7,1995,197,0.5508090958869698,0.5139009836804498,11.447547086747521,0.0052547757036478515,10950,0.0,-2.1249289848818407,3.619812657077299,-1.289641057705902,22.564703,130.89069,8.73151,28.502051964898758,1482.566156431686,3.9375,10.4619140625,1018.9990234375,752.912109375,1397.04296875,1424.6005859375,858.673828125,1.5612619653376247,10.560685958060006,13.002165824654025,25.572313697169143,34.9814453125,194.78515625,211.826171875,469.845703125,18.3681640625,92.837890625,143.1162109375,289.7666015625,1995-07-16,359.71
177,178,26.0,50.45,22.05,12.6,94425.0,-1332480.0,3577,29.693109831340692,50.00599060381595,19.01855961375801,7,1995,206,0.5508090958869698,0.5348950775076794,11.503215101470369,0.006889651470586955,10950,0.0,-2.1249289848818407,3.619812657077299,-1.289641057705902,22.564703,130.89069,8.73151,28.502051964898758,1482.566156431686,0.0,14.1083984375,848.734375,923.4677734375,1397.04296875,1424.6005859375,858.673828125,1.904416161283391,10.672003418202046,11.580400018486307,27.755849765208428,30.8310546875,194.3154296875,231.8173828125,494.1220703125,18.34765625,107.228515625,117.8857421875,306.5068359375,1995-07-25,359.71
178,179,32.25,49.55,17.0,13.1,94425.0,-1332480.0,3577,29.422056117252957,48.8922600619122,20.395385264886862,8,1995,213,0.618369803069737,0.550999636611817,11.555856551121435,0.007968673525107661,10950,0.0,-2.1249289848818407,3.619812657077299,-1.289641057705902,22.564703,130.89069,8.73151,28.502051964898758,1482.566156431686,0.0,6.06640625,649.14453125,1131.099609375,1397.04296875,1424.6005859375,858.673828125,1.6376354382585077,10.83909697362964,12.576419579485437,28.113634962398447,32.03125,188.85546875,225.146484375,507.625,18.1884765625,90.9482421875,125.576171875,294.41796875,1995-08-01,359.71
179,180,33.3,49.05,16.55,13.3,94425.0,-1332480.0,3577,31.96259938385667,48.14978922915737,18.606930221478528,8,1995,229,0.618369803069737,0.5870396795141201,11.70015806982002,0.009817381136207004,10950,0.0,-2.1249289848818407,3.619812657077299,-1.289641057705902,22.564703,130.89069,8.73151,28.502051964898758,1482.566156431686,0.0,3.9677734375,489.291015625,1293.0517578125,1397.04296875,1424.6005859375,858.673828125,1.8069052453618992,10.687577297100074,15.735707591907852,29.542948234690286,30.609375,184.033203125,217.4833984375,511.9013671875,12.5966796875,110.44140625,126.33984375,274.4375,1995-08-17,359.71
180,181,35.5,47.7,15.5,12.35,94425.0,-1332480.0,3577,34.66847906236388,46.74513297665031,17.317413236915296,8,1995,238,0.618369803069737,0.6068209156094186,11.792216100650641,0.01052644601157482,10950,0.0,-2.1249289848818407,3.619812657077299,-1.289641057705902,22.564703,130.89069,8.73151,28.502051964898758,1482.566156431686,0.0,3.966796875,393.0908203125,1389.2529296875,1397.04296875,1424.54296875,858.7314453125,1.9419045920109124,11.44545419469199,12.174349513642666,32.76166054848028,34.3388671875,205.2744140625,217.751953125,501.4951171875,21.1865234375,122.7919921875,113.6083984375,281.498046875,1995-08-26,359.71
181,182,37.9,46.5,14.15,12.6,94425.0,-1332480.0,3577,38.32255992959299,47.855848858837525,12.532135356901282,9,1995,254,0.6816387600233341,0.6410690690149683,11.968164976261734,0.011330227645455437,10950,0.0,-2.1249289848818407,3.619812657077299,-1.289641057705902,22.564703,130.89069,8.73151,28.502051964898758,1482.566156431686,1.2880859375,3.9658203125,200.4140625,1581.9306640625,1397.02734375,1424.55859375,858.7314453125,1.9468383044374549,13.4520154783482,14.275369002210013,30.02454401843931,35.2314453125,221.8662109375,237.7099609375,526.013671875,21.9658203125,135.736328125,157.9755859375,302.30078125,1995-09-11,359.71
182,183,36.3,47.3,15.15,12.95,94425.0,-1332480.0,3577,39.006454745394464,50.117579752238086,9.546067245446622,9,1995,261,0.6816387600233341,0.6556691338743984,12.048323860143563,0.011529931105860314,10950,0.0,-2.1249289848818407,3.619812657077299,-1.289641057705902,22.564703,130.89069,8.73151,28.502051964898758,1482.566156431686,1.2880859375,0.0,194.095703125,1592.21484375,1396.20703125,1410.390625,873.7197265625,2.2251090836900564,14.558579166052512,15.398853782785654,32.12556350700666,35.6005859375,213.625,257.09765625,545.9716796875,21.095703125,125.3369140625,157.7021484375,346.66796875,1995-09-18,359.71
183,184,40.45,44.95,13.25,12.45,94425.0,-1332480.0,3577,37.5604443634983,50.984868118579314,10.168519560932904,9,1995,270,0.6816387600233341,0.6740855661712415,12.152864553502909,0.011663696277551594,10950,0.0,-2.1249289848818407,3.619812657077299,-1.289641057705902,22.564703,130.89069,8.73151,28.502051964898758,1482.566156431686,1.4453125,0.0,156.9609375,1629.349609375,1396.1416015625,1410.375,873.80078125,2.23326094770577,13.594200756246648,16.8472831691362,34.6853103921727,36.6806640625,221.765625,250.7158203125,566.849609375,22.7060546875,135.5458984375,140.982421875,359.830078125,1995-09-27,359.71
184,185,40.35,55.8,2.75,12.0,94425.0,-1332480.0,3577,36.44033975494003,49.0039200828237,13.276642707136084,10,1995,277,0.7401768531960371,0.688126690746912,12.234582997599388,0.011668873318290807,10950,0.0,-2.1249289848818407,3.619812657077299,-1.289641057705902,22.564703,130.89069,8.73151,28.502051964898758,1482.566156431686,1.4453125,0.0,34.5703125,1751.7294921875,1396.15234375,1410.375,873.80078125,1.9654616993594685,14.046182347604443,15.827461703952418,37.257224559098894,35.7236328125,223.4814453125,258.4462890625,579.85546875,23.7275390625,136.9091796875,158.251953125,342.8369140625,1995-10-04,359.71
185,186,34.75,48.55,15.3,19.35,94425.0,-1332480.0,3577,38.27580758341431,44.33201698137294,16.145984974775136,10,1995,286,0.7401768531960371,0.7058069740145997,12.339042983632998,0.011530740893071822,10950,0.0,-2.1249289848818407,3.619812657077299,-1.289641057705902,22.564703,130.89069,8.73151,28.502051964898758,1482.566156431686,15.1171875,1.2880859375,14.3994140625,1764.9072265625,1403.1455078125,1410.2392578125,873.9365234375,2.3801720925032828,12.841574891377867,14.69893737159654,37.76291163820543,37.083984375,220.263671875,254.9921875,584.7236328125,25.837890625,144.9580078125,164.03125,342.8056640625,1995-10-13,359.71
186,187,43.1176470588235,47.5882352941176,8.0,16.4705882352941,94416.1764705882,-1332473.82352941,3577,40.85230962808206,39.46395022751197,18.540544285433157,10,1995,293,0.7401768531960371,0.7192621817455338,12.418864296033636,0.011288545798231908,10950,0.0,-2.1249289848818407,3.619812657077299,-1.289641057705902,22.564703,130.89069,8.73151,28.502051964898758,1482.566156431686,16.6240234375,1.2880859375,14.1103515625,1761.2255859375,1407.1162109375,1393.3505859375,890.8251953125,2.169415481852617,14.47835191530251,15.22174698388115,35.614565840665776,36.0341796875,222.4833984375,257.34765625,589.0,24.337890625,145.8671875,170.7958984375,365.8544921875,1995-10-20,359.71
187,188,36.8,25.15,37.15,10.75,94425.0,-1332480.0,3577,45.910564776684296,33.6752155784431,19.265536166616876,12,1995,341,0.8414709848078965,0.8041514523449627,12.834435545708107,0.004412274048741338,10950,0.0,-2.1249289848818407,3.619812657077299,-1.289641057705902,22.564703,130.89069,8.73151,28.502051964898758,1482.566156431686,171.6943359375,28.3603515625,5.25390625,1616.37109375,1453.396484375,1340.3642578125,914.458984375,1.2037141002812228,9.360920070746356,12.821099500187955,29.90169324417424,34.4892578125,216.158203125,255.833984375,584.3818359375,25.1474609375,145.0615234375,172.3603515625,397.8369140625,1995-12-07,359.71
188,189,50.5,20.5,28.0,8.5,94470.0,-1332525.0,3577,52.812271383680354,28.46482094666881,17.592571824457735,1,1996,17,0.08323691620031025,0.04655850526789941,12.776697499598718,-0.006658062313857016,10950,0.0,-2.1249289848818407,3.619812657077299,-1.289641057705902,22.564703,130.89069,8.73151,28.502051964898758,1482.566156431686,318.8017578125,315.7333984375,17.912109375,1033.3984375,1578.267578125,1530.685546875,1024.1357421875,1.072679417776236,7.967921122443611,8.111654975574329,16.84300417930625,34.0380859375,211.537109375,242.697265625,534.6689453125,25.59375,147.353515625,173.6083984375,401.9130859375,1996-01-17,361.39
189,190,70.1,24.25,4.15,15.4,94425.0,-1332480.0,3577,58.748831208847925,25.50454055141344,14.627022667732557,2,1996,33,0.16589613269341502,0.09028783724052472,12.644450783829429,-0.009480375611570224,10950,0.0,-2.1249289848818407,3.619812657077299,-1.289641057705902,22.564703,130.89069,8.73151,28.502051964898758,1482.566156431686,367.330078125,460.505859375,19.6201171875,655.2109375,1818.869140625,1220.4697265625,1387.2626953125,0.9201792293618265,5.218941654185,6.995248928790495,19.860462948276883,33.1240234375,199.0888671875,235.42578125,558.6787109375,24.6376953125,146.8125,168.958984375,395.0732421875,1996-02-02,361.39
190,191,62.7,33.3,3.0,13.75,94425.0,-1332480.0,3577,64.00820516215663,26.049360046251074,8.762994435903344,3,1996,81,0.24740395925452294,0.2201008047601089,12.104517625974855,-0.011800736181630356,10950,0.0,-2.1249289848818407,3.619812657077299,-1.289641057705902,22.564703,130.89069,8.73151,28.502051964898758,1482.566156431686,277.857421875,613.6806640625,342.361328125,195.3837890625,1734.2939453125,1287.283203125,1465.9931640625,0.8801301544852524,7.6785426854656205,7.10421155885312,15.167336744709825,33.1640625,208.7236328125,235.8974609375,519.44140625,23.455078125,153.6796875,170.4150390625,395.6103515625,1996-03-21,361.39
191,192,61.95,34.5,2.5,13.6,94425.0,-1332480.0,3577,64.9339013745218,31.000874730800895,2.8414828205845657,4,1996,97,0.3271946967961522,0.26263631823147177,11.91882331532403,-0.011359875707750433,10950,0.0,-2.1249289848818407,3.619812657077299,-1.289641057705902,22.564703,130.89069,8.73151,28.502051964898758,1482.566156431686,205.05859375,611.84765625,477.046875,49.1826171875,1876.6298828125,1281.693359375,1456.6767578125,0.9420193346629782,7.797898509054966,12.690642824164655,18.908540440093134,32.4619140625,200.9560546875,247.7568359375,545.9326171875,25.1005859375,145.3046875,164.8427734375,395.0400390625,1996-04-06,361.39
192,193,66.45,30.6,1.4,17.15,94425.0,-1332480.0,3577,62.02760677675067,36.34470755068463,0.3693487626923624,4,1996,113,0.3271946967961522,0.30466724073398044,11.744467662273346,-0.010397255606148903,10950,0.0,-2.1249289848818407,3.619812657077299,-1.289641057705902,22.564703,130.89069,8.73151,28.502051964898758,1482.566156431686,191.01953125,515.7197265625,707.7421875,33.73046875,1788.5224609375,1384.8916015625,1436.587890625,1.7558629981643414,10.355937598231623,6.111683316082789,22.94417757591927,33.6923828125,203.521484375,229.814453125,544.80859375,21.5908203125,137.056640625,171.1669921875,383.6796875,1996-04-22,361.39
193,194,55.35,41.0,2.6,15.15,94425.0,-1332480.0,3577,56.77046814048333,41.463473223182916,0.47189374093391745,5,1996,145,0.40471456356112473,0.38689342918209935,11.471064207232777,-0.0062564754924085975,10950,0.0,-2.1249289848818407,3.619812657077299,-1.289641057705902,22.564703,130.89069,8.73151,28.502051964898758,1482.566156431686,6.994140625,469.1845703125,869.783203125,99.1015625,1783.3544921875,1396.03125,1424.6005859375,1.917525549550907,10.354695904397433,11.781145742899586,29.934445311560786,31.609375,190.6044921875,226.6826171875,541.53515625,20.6962890625,105.6767578125,167.1318359375,330.951171875,1996-05-24,361.39
194,195,47.3,45.25,5.95,15.1,94425.0,-1332480.0,3577,49.33578449413626,43.18231938339652,6.2382645218549175,6,1996,161,0.479425538604203,0.4269307177680907,11.39823004393111,-0.0029381122377216684,10950,0.0,-2.1249289848818407,3.619812657077299,-1.289641057705902,22.564703,130.89069,8.73151,28.502051964898758,1482.566156431686,6.994140625,257.4326171875,900.6103515625,280.0244140625,1783.3564453125,1396.03125,1424.6005859375,1.7722717735807623,9.736090519521003,11.876045538475127,26.912439756535925,32.189453125,194.7431640625,230.0234375,513.00390625,18.59765625,128.9365234375,160.2744140625,333.5068359375,1996-06-09,361.39
195,196,45.85,47.05,5.85,14.45,94425.0,-1332480.0,3577,44.654939487750156,44.759657061198354,9.30837537075788,6,1996,177,0.479425538604203,0.46614776418055925,11.383063750124496,0.0008338844975224191,10950,0.0,-2.1249289848818407,3.619812657077299,-1.289641057705902,22.564703,130.89069,8.73151,28.502051964898758,1482.566156431686,0.0,197.5458984375,874.7373046875,368.8125,1786.310546875,1397.04296875,1424.6005859375,1.7356515223957054,9.176466928376268,13.229193700766723,26.72589592767969,33.3486328125,200.533203125,222.162109375,521.1240234375,20.2578125,109.287109375,125.3349609375,347.1640625,1996-06-25,361.39
196,197,37.8,45.35,15.75,12.8,94425.0,-1332480.0,3577,42.32452423736621,46.26712312454656,10.075815670396207,7,1996,193,0.5508090958869698,0.5044692225283575,11.427727711835335,0.0044450768449717515,10950,0.0,-2.1249289848818407,3.619812657077299,-1.289641057705902,22.564703,130.89069,8.73151,28.502051964898758,1482.566156431686,0.0,45.4326171875,826.947265625,568.7158203125,1786.310546875,1397.04296875,1424.6005859375,1.8275049537132362,10.52185581437531,11.263301937975617,26.93662415482699,31.2509765625,189.3662109375,226.21875,519.3720703125,18.6083984375,126.248046875,136.49609375,294.42578125,1996-07-11,361.39
197,198,42.45,45.35,10.9,14.25,94425.0,-1332480.0,3577,39.27920717053257,46.91782459026341,12.542581567037896,7,1996,200,0.5508090958869698,0.5209343640072778,11.464467594201432,0.005829658522005232,10950,0.0,-2.1249289848818407,3.619812657077299,-1.289641057705902,22.564703,130.89069,8.73151,28.502051964898758,1482.566156431686,0.0,6.994140625,728.3291015625,705.7724609375,1786.310546875,1397.04296875,1424.6005859375,1.8678672278333839,9.848737772213106,12.349360768088546,24.970732392035885,32.2314453125,179.736328125,220.6171875,523.4287109375,14.3984375,84.6875,144.8564453125,305.5869140625,1996-07-18,361.39
198,199,39.0,46.95,12.5,13.55,94425.0,-1332480.0,3577,39.53722856090687,47.99246357357096,11.11015718027936,7,1996,209,0.5508090958869698,0.5418214675721206,11.524857848211,0.0073730541736996,10950,0.0,-2.1249289848818407,3.619812657077299,-1.289641057705902,22.564703,130.89069,8.73151,28.502051964898758,1482.566156431686,0.0,6.994140625,644.4990234375,789.6025390625,1786.310546875,1397.04296875,1424.6005859375,2.0397574370915397,10.60040701446378,12.086517544425252,26.99691182837394,30.701171875,202.3154296875,217.8076171875,508.4482421875,19.6884765625,114.8583984375,103.796875,312.908203125,1996-07-27,361.39
199,200,41.7,48.05,9.05,13.3,94425.0,-1332480.0,3577,40.69776353676674,46.921553833156736,10.969814241484428,8,1996,225,0.618369803069737,0.5781327361770225,11.661453817251006,0.009430743138834075,10950,0.0,-2.1249289848818407,3.619812657077299,-1.289641057705902,22.564703,130.89069,8.73151,28.502051964898758,1482.566156431686,0.0,0.0,487.193359375,953.90234375,1786.310546875,1397.04296875,1424.6005859375,2.1165462305345946,9.3880731396353,11.42203461385684,28.63030382019958,31.869140625,195.4638671875,220.9794921875,511.6259765625,20.9169921875,122.171875,106.6220703125,267.08984375,1996-08-12,361.39
200,201,39.95,48.25,10.25,12.55,94425.0,-1332480.0,3577,40.26937762958833,48.03760707815718,10.298648307315503,8,1996,232,0.618369803069737,0.5936736786949399,11.730135784032406,0.01007740768482357,10950,0.0,-2.1249289848818407,3.619812657077299,-1.289641057705902,22.564703,130.89069,8.73151,28.502051964898758,1482.566156431686,0.0,0.0,483.765625,957.330078125,1786.310546875,1397.04296875,1424.54296875,1.9576751944587334,12.715867654609013,11.504619370169895,27.965820889631168,34.7685546875,202.193359375,227.3330078125,514.7978515625,21.6474609375,127.3818359375,143.0888671875,269.9150390625,1996-08-19,361.39
201,202,38.15,47.2,13.45,12.35,94425.0,-1332480.0,3577,38.787787135459354,48.118927666753294,11.726224858730852,8,1996,241,0.618369803069737,0.6133332651879557,11.824183522994854,0.010718181577891173,10950,0.0,-2.1249289848818407,3.619812657077299,-1.289641057705902,22.564703,130.89069,8.73151,28.502051964898758,1482.566156431686,0.0,0.0,379.7626953125,1061.3330078125,1786.310546875,1397.02734375,1424.55859375,1.7441887014576436,12.698661919746566,14.361277747157597,27.784359142408654,33.609375,201.974609375,238.26171875,513.0205078125,21.2666015625,109.9716796875,146.619140625,291.78515625,1996-08-28,361.39
202,203,39.2,48.6,10.8,12.2,94425.0,-1332480.0,3577,37.633366169428655,47.4851219987372,13.647479919459306,9,1996,248,0.6816387600233341,0.6283668624009903,11.90075346628464,0.01108922455063599,10950,0.0,-2.1249289848818407,3.619812657077299,-1.289641057705902,22.564703,130.89069,8.73151,28.502051964898758,1482.566156431686,0.0,0.0,299.3125,1141.783203125,1786.310546875,1397.02734375,1424.55859375,2.8804798550893334,13.127281471667212,14.44285062120421,30.723602275709418,34.810546875,211.337890625,235.583984375,530.302734375,16.8359375,123.9599609375,131.23828125,331.7822265625,1996-09-04,361.39
203,204,39.0,50.85,8.75,11.45,94425.0,-1332480.0,3577,35.255419760832446,46.811780582671425,16.82051606803677,9,1996,257,0.6816387600233341,0.6473554254622432,12.002351151525394,0.011426213531674279,10950,0.0,-2.1249289848818407,3.619812657077299,-1.289641057705902,22.564703,130.89069,8.73151,28.502051964898758,1482.566156431686,0.0,0.0,244.439453125,1195.3681640625,1787.5986328125,1397.02734375,1424.5556640625,2.162379321492984,14.178137143850309,16.593936815320593,32.98725269805924,36.55078125,208.435546875,241.5419921875,545.083984375,21.505859375,108.5673828125,131.7138671875,321.44140625,1996-09-13,361.39
204,205,29.25,40.25,30.0,14.5,94477.5,-1332472.5,3577,35.68584294961471,47.121717291988894,16.170292710383166,9,1996,264,0.6816387600233341,0.6618527940178025,12.083036891448428,0.011589856607081117,10950,0.0,-2.1249289848818407,3.619812657077299,-1.289641057705902,22.564703,130.89069,8.73151,28.502051964898758,1482.566156431686,0.0,0.0,198.013671875,1241.7939453125,1787.5986328125,1396.1416015625,1410.375,2.552746565950126,14.667224597343516,16.340516465343292,35.21991176622223,37.62109375,218.6259765625,244.986328125,548.3642578125,22.67578125,122.0146484375,130.0732421875,306.5361328125,1996-09-20,361.39
205,206,35.6,51.1,12.1,10.0,94425.0,-1332480.0,3577,35.66881292081998,47.50578492714007,15.812068890859088,9,1996,273,0.6816387600233341,0.6801338518023718,12.187885834168023,0.01167699603657013,10950,0.0,-2.1249289848818407,3.619812657077299,-1.289641057705902,22.564703,130.89069,8.73151,28.502051964898758,1482.566156431686,0.0,0.0,193.4453125,1246.205078125,1787.755859375,1396.1416015625,1410.375,1.754236252910215,13.971171915626433,17.536203642163613,37.443600948307235,35.6708984375,215.9873046875,258.13671875,558.7001953125,22.1962890625,141.56640625,147.2607421875,305.0986328125,1996-09-29,361.39
206,207,38.1666666666667,41.9166666666667,19.0833333333333,22.4166666666667,94402.5,-1332467.5,3577,36.896205445735546,48.146441432657156,13.994368067430985,10,1996,280,0.7401768531960371,0.6940671385790956,12.269540356748509,0.011642211082726561,10950,0.0,-2.1249289848818407,3.619812657077299,-1.289641057705902,22.564703,130.89069,8.73151,28.502051964898758,1482.566156431686,0.0,0.0,123.560546875,1302.9228515625,1800.908203125,1396.15625,1410.375,2.451404419087445,14.13833420700883,15.725408168536648,38.38586777515025,36.9140625,225.2490234375,251.658203125,575.294921875,24.5478515625,143.234375,163.7626953125,320.6455078125,1996-10-06,361.39
207,208,43.45,49.65,5.7,11.5,94425.0,-1332480.0,3577,40.298568923330706,46.8138788456056,11.821593885988399,10,1996,289,0.7401768531960371,0.7116055685391126,12.37346463171939,0.01144292012347492,10950,0.0,-2.1249289848818407,3.619812657077299,-1.289641057705902,22.564703,130.89069,8.73151,28.502051964898758,1482.566156431686,9.2353515625,0.0,6.994140625,1417.6689453125,1791.794921875,1407.08984375,1410.2392578125,2.1127413758963813,14.84302935962628,17.434197364368227,37.491571163823245,36.6142578125,218.873046875,265.9892578125,581.6572265625,25.498046875,144.337890625,170.1962890625,358.2958984375,1996-10-15,361.39
208,209,45.0,47.7,6.05,13.4,94425.0,-1332480.0,3577,46.30468401566782,43.1767098226786,9.356771092683005,10,1996,296,0.7401768531960371,0.7249480041597827,12.452443307067588,0.011142173430974012,10950,0.0,-2.1249289848818407,3.619812657077299,-1.289641057705902,22.564703,130.89069,8.73151,28.502051964898758,1482.566156431686,16.037109375,0.0,6.994140625,1415.7470703125,1793.6904296875,1407.1162109375,1392.810546875,2.3904524681428487,14.74701091039082,16.955770735522663,37.38956488602786,37.923828125,226.4345703125,255.4873046875,589.509765625,24.0283203125,150.6171875,169.8359375,381.2314453125,1996-10-22,361.39
209,210,54.85,39.95,4.0,14.95,94425.0,-1332480.0,3577,54.45306205661429,37.88911393043954,6.33409397619829,11,1996,328,0.793577803248942,0.7824746544232967,12.758613466675007,0.007349337464304995,10950,0.0,-2.1249289848818407,3.619812657077299,-1.289641057705902,22.564703,130.89069,8.73151,28.502051964898758,1482.566156431686,108.283203125,19.8896484375,0.0,1346.1552734375,1822.3056640625,1384.986328125,1426.7509765625,1.853538862674252,9.916666567538668,19.32396156597077,40.92913945102522,36.482421875,211.892578125,272.013671875,596.9462890625,22.765625,148.296875,169.3310546875,387.6123046875,1996-11-23,361.39
210,211,53.8,30.3,14.45,12.1,94425.0,-1332480.0,3577,62.69426595075812,31.697726731468126,4.1708924202726,12,1996,344,0.8414709848078965,0.8090099158228746,12.84612065179343,0.0036328820868600786,10950,0.0,-2.1249289848818407,3.619812657077299,-1.289641057705902,22.564703,130.89069,8.73151,28.502051964898758,1482.566156431686,130.2265625,59.1591796875,0.0,1181.583984375,1858.017578125,1451.4619140625,1300.556640625,1.2340291602823263,10.3872630780657,14.205559653020497,35.323397264678185,34.4091796875,219.0439453125,258.5205078125,589.7529296875,25.2470703125,150.220703125,169.1025390625,386.8955078125,1996-12-09,361.39
211,212,72.1,25.35,1.2,18.8,94425.0,-1332480.0,3577,68.52999523695094,25.366681460950115,4.666487691873991,1,1997,10,0.08323691620031025,0.027393832960272764,12.818537560115207,-0.005027182705607203,10950,0.0,-2.1249289848818407,3.619812657077299,-1.289641057705902,22.564703,130.89069,8.73151,28.502051964898758,1482.566156431686,547.1748046875,250.78125,3.955078125,948.8876953125,1811.19921875,1336.912109375,1503.275390625,1.0661925576022722,3.9444218658660346,3.246986227320849,17.534669357325637,34.3583984375,184.7177734375,208.0107421875,537.50390625,24.763671875,144.2041015625,167.6826171875,398.7705078125,1997-01-10,362.7
212,213,78.8,16.75,2.7,14.5,94425.0,-1332480.0,3577,72.72942764149107,22.986131618635923,2.770653546659326,2,1997,35,0.16589613269341502,0.09574352691494717,12.625094091495594,-0.009742728732081929,10950,0.0,-2.1249289848818407,3.619812657077299,-1.289641057705902,22.564703,130.89069,8.73151,28.502051964898758,1482.566156431686,446.5380859375,705.7705078125,46.3388671875,578.1640625,1507.5966796875,1781.60546875,1239.357421875,1.2805641924398699,3.892661155908444,3.9138038337829046,15.56877245355458,33.9443359375,195.94921875,220.515625,533.689453125,26.0576171875,146.1318359375,170.4775390625,392.1025390625,1997-02-04,362.7
213,214,75.35,22.55,0.75,18.95,94425.0,-1332480.0,3577,73.69270497303452,22.315465803542967,2.5024876052736067,3,1997,83,0.24740395925452294,0.2254425540018297,12.080959303367457,-0.011771359198139209,10950,0.0,-2.1249289848818407,3.619812657077299,-1.289641057705902,22.564703,130.89069,8.73151,28.502051964898758,1482.566156431686,296.1328125,1017.6279296875,347.6748046875,198.013671875,1429.5234375,1739.501953125,1285.6630859375,1.8124131232566099,8.738795704789538,8.363435209169129,8.370624620251853,35.8935546875,206.0830078125,234.0390625,495.212890625,23.0751953125,142.009765625,167.765625,389.8515625,1997-03-24,362.7
214,215,70.95,27.2,0.35,18.8,94425.0,-1332480.0,3577,71.7273928857413,26.054914590050014,0.7359706856609785,3,1997,90,0.24740395925452294,0.24408432170565875,11.999149671125483,-0.011611131282482035,10950,0.0,-2.1249289848818407,3.619812657077299,-1.289641057705902,22.564703,130.89069,8.73151,28.502051964898758,1482.566156431686,126.32421875,1059.232421875,475.87890625,193.7314453125,1389.7900390625,1773.2841796875,1284.2080078125,1.7863860208739308,11.35791351392692,10.551208828046148,12.629654343538899,35.7744140625,213.5634765625,241.9765625,511.5947265625,24.71484375,138.9111328125,165.0849609375,387.5810546875,1997-03-31,362.7
215,216,64.5,33.2,0.9,17.0,94425.0,-1332480.0,3577,66.29122410096653,30.865731018203185,1.4265636839938096,4,1997,99,0.3271946967961522,0.2679194443681064,11.896236599002654,-0.011270510980873283,10950,0.0,-2.1249289848818407,3.619812657077299,-1.289641057705902,22.564703,130.89069,8.73151,28.502051964898758,1482.566156431686,24.759765625,834.939453125,797.8603515625,127.5146484375,1336.41015625,1789.4970703125,1384.51171875,2.164426561938693,11.60673302421585,13.220336586494797,22.86720371562096,34.822265625,212.6513671875,249.40625,546.9931640625,22.7509765625,136.626953125,165.8916015625,378.12109375,1997-04-09,362.7
216,217,59.05,38.2,1.35,16.55,94425.0,-1332480.0,3577,62.12448634955447,37.19873562968982,0.0,4,1997,106,0.3271946967961522,0.28634599979986336,11.818799650989765,-0.010891064522150273,10950,0.0,-2.1249289848818407,3.619812657077299,-1.289641057705902,22.564703,130.89069,8.73151,28.502051964898758,1482.566156431686,10.47265625,824.48046875,817.2509765625,24.310546875,1440.5087890625,1788.3212890625,1385.923828125,1.943570291973308,12.638892332088005,13.771159586154544,27.72410509294663,34.7919921875,210.65234375,247.4736328125,562.3603515625,22.3505859375,138.7548828125,159.3779296875,376.2470703125,1997-04-16,362.7
217,218,56.65,40.8,1.2,15.45,94425.0,-1332480.0,3577,57.10575136936513,41.359834592645754,0.1707549416527463,4,1997,115,0.3271946967961522,0.3098815935404807,11.723918275253133,-0.010232935014066413,10950,0.0,-2.1249289848818407,3.619812657077299,-1.289641057705902,22.564703,130.89069,8.73151,28.502051964898758,1482.566156431686,0.1025390625,621.72265625,1017.9658203125,28.7412109375,1448.2099609375,1787.2568359375,1386.1591796875,1.9378934414200837,12.208913287624235,14.729019582692953,31.24246628265641,34.8623046875,207.3916015625,246.7333984375,566.064453125,24.1708984375,137.595703125,156.8955078125,372.55078125,1997-04-25,362.7
218,219,54.85,42.1,1.75,15.45,94425.0,-1332480.0,3577,54.803144688121016,43.990200047623816,0.0,5,1997,122,0.40471456356112473,0.32805753461442005,11.654864667171191,-0.009568134491058089,10950,0.0,-2.1249289848818407,3.619812657077299,-1.289641057705902,22.564703,130.89069,8.73151,28.502051964898758,1482.566156431686,0.0244140625,495.8291015625,1143.9375,28.7412109375,1440.16796875,1793.07421875,1384.5361328125,2.003633685007073,13.048306701755582,14.146806729044318,32.75114927885456,34.798828125,208.1513671875,242.25390625,563.3916015625,23.166015625,145.275390625,161.7666015625,363.5546875,1997-05-02,362.7
219,220,52.05,44.75,1.9,14.95,94425.0,-1332480.0,3577,51.68473987312224,43.937656151891076,3.0529119487319267,5,1997,131,0.40471456356112473,0.3512483815892772,11.57395376104322,-0.008488196768418277,10950,0.0,-2.1249289848818407,3.619812657077299,-1.289641057705902,22.564703,130.89069,8.73151,28.502051964898758,1482.566156431686,0.0302734375,423.587890625,1178.7666015625,59.810546875,1444.4453125,1783.3212890625,1396.3544921875,1.8900738504964854,11.240309198725175,14.463506290754722,33.54420251157101,33.0087890625,207.1748046875,241.4345703125,559.9912109375,24.6162109375,128.70703125,164.62109375,367.8544921875,1997-05-11,362.7
220,221,50.65,45.25,2.75,14.7,94425.0,-1332480.0,3577,48.12731278009196,43.740850635426135,6.849078784991076,5,1997,138,0.40471456356112473,0.3691387877133873,11.518560174004945,-0.007457801418388144,10950,0.0,-2.1249289848818407,3.619812657077299,-1.289641057705902,22.564703,130.89069,8.73151,28.502051964898758,1482.566156431686,0.015625,381.9541015625,1175.3857421875,104.1884765625,1445.0634765625,1783.3544921875,1396.03125,1.792108189173855,10.06561208541089,13.13038304922166,33.27868921963278,33.1689453125,200.732421875,240.18359375,554.6923828125,23.896484375,137.7958984375,153.3232421875,375.580078125,1997-05-18,362.7
221,222,49.9,45.5,3.25,15.0,94425.0,-1332480.0,3577,44.23111238605934,42.82417783454295,11.6842711468081,6,1997,154,0.479425538604203,0.40951083159183166,11.423474749131595,-0.004475880409684052,10950,0.0,-2.1249289848818407,3.619812657077299,-1.289641057705902,22.564703,130.89069,8.73151,28.502051964898758,1482.566156431686,0.037109375,65.1826171875,1465.796875,130.55859375,1445.0615234375,1783.3564453125,1396.03125,1.9734560781766077,9.49441437066502,11.37159725765814,28.779596118397826,31.728515625,194.6240234375,232.72265625,540.0732421875,18.73828125,118.8173828125,139.9716796875,353.5576171875,1997-06-03,362.7
222,223,32.9,35.25,30.85,13.55,94425.0,-1332480.0,3577,40.05519928986823,41.75911255926112,16.949051722269004,6,1997,170,0.479425538604203,0.4490961013155793,11.382230637418811,-0.0008349636213313971,10950,0.0,-2.1249289848818407,3.619812657077299,-1.289641057705902,22.564703,130.89069,8.73151,28.502051964898758,1482.566156431686,0.03125,0.1083984375,1324.1748046875,337.2607421875,1441.095703125,1786.310546875,1397.04296875,1.8722056652683448,10.96104259883254,11.692051693215333,26.163404373637263,28.9189453125,188.6943359375,228.783203125,523.103515625,19.7783203125,125.1689453125,150.8955078125,310.693359375,1997-06-19,362.7
223,224,36.2,43.8,18.65,15.25,94425.0,-1332480.0,3577,36.66556431184367,41.432788109716896,20.660478685398196,7,1997,186,0.5508090958869698,0.48781854354312465,11.401105042376106,0.0029247973711825637,10950,0.0,-2.1249289848818407,3.619812657077299,-1.289641057705902,22.564703,130.89069,8.73151,28.502051964898758,1482.566156431686,0.0,0.0615234375,904.0966796875,757.4169921875,1441.095703125,1786.310546875,1397.04296875,1.9668272319771138,13.101245903671753,12.891381686132835,27.956309851423555,31.630859375,180.2900390625,221.2021484375,508.673828125,12.2978515625,107.5869140625,143.7763671875,334.6884765625,1997-07-05,362.7
224,225,32.65,40.1,25.9,12.65,94425.0,-1332480.0,3577,34.51935634024902,41.06760917100861,23.15352573123125,7,1997,195,0.5508090958869698,0.5091927471873186,11.437235474219946,0.004855855047670943,10950,0.0,-2.1249289848818407,3.619812657077299,-1.289641057705902,22.564703,130.89069,8.73151,28.502051964898758,1482.566156431686,0.0,0.046875,834.953125,826.5751953125,1441.095703125,1786.310546875,1397.04296875,1.9178707218088067,11.164222999135157,14.906507870079466,29.850623816140057,30.861328125,195.2158203125,218.9541015625,491.7626953125,23.1484375,108.556640625,118.5546875,320.4384765625,1997-07-14,362.7
225,226,37.5,42.85,18.55,13.55,94425.0,-1332480.0,3577,34.1491707982369,41.06077854033897,23.541041156981912,7,1997,202,0.5508090958869698,0.525603762643385,11.47667894179499,0.006196567270972508,10950,0.0,-2.1249289848818407,3.619812657077299,-1.289641057705902,22.564703,130.89069,8.73151,28.502051964898758,1482.566156431686,0.0,0.046875,736.427734375,925.1005859375,1441.095703125,1786.310546875,1397.04296875,2.289683056003108,11.956361220343002,13.082093720943964,31.984043218437563,29.771484375,182.7255859375,226.0771484375,498.5244140625,20.3984375,117.998046875,131.705078125,299.4765625,1997-07-21,362.7
226,227,34.25,41.2,23.25,12.65,94425.0,-1332480.0,3577,34.786948191122555,41.70447509146577,22.25431488016295,7,1997,211,0.5508090958869698,0.5464187550176638,11.540062882503,0.007677839416787791,10950,0.0,-2.1249289848818407,3.619812657077299,-1.289641057705902,22.564703,130.89069,8.73151,28.502051964898758,1482.566156431686,0.0,0.037109375,500.9697265625,1160.568359375,1441.095703125,1786.310546875,1397.04296875,2.013620290784206,11.22649863881368,14.88173426121888,31.61908068572864,32.9814453125,196.4150390625,211.8369140625,507.4931640625,18.8076171875,108.8779296875,140.0361328125,287.4658203125,1997-07-30,362.7
227,228,36.15,42.75,19.7,12.7,94425.0,-1332480.0,3577,35.69203273506145,42.444697871781315,20.563427439430562,8,1997,227,0.618369803069737,0.5825949538541461,11.680615586533591,0.00962993622616004,10950,0.0,-2.1249289848818407,3.619812657077299,-1.289641057705902,22.564703,130.89069,8.73151,28.502051964898758,1482.566156431686,0.0,0.03125,385.2666015625,1276.27734375,1441.095703125,1786.310546875,1397.04296875,2.479385663719486,10.525216587387513,12.833044493552832,32.21840600134698,32.779296875,200.46484375,226.2509765625,502.0751953125,20.1865234375,122.65234375,138.6787109375,301.5068359375,1997-08-15,362.7
228,229,37.2,43.2,18.3,12.45,94425.0,-1332480.0,3577,37.051457056869474,42.36790144839047,19.24052696529189,8,1997,234,0.618369803069737,0.5980740916275851,11.75053170140469,0.010237265774636128,10950,0.0,-2.1249289848818407,3.619812657077299,-1.289641057705902,22.564703,130.89069,8.73151,28.502051964898758,1482.566156431686,0.0205078125,0.03125,235.9609375,1425.5830078125,1441.095703125,1786.310546875,1397.04296875,2.5688875118601118,11.609081493454859,13.004602251106999,30.16971623368093,34.37890625,198.2734375,233.244140625,516.4892578125,19.5771484375,109.15234375,142.8388671875,300.1494140625,1997-08-22,362.7
229,230,36.15,40.25,22.35,11.75,94425.0,-1332480.0,3577,35.94665288271562,42.09286085430968,20.607119660522155,8,1997,243,0.618369803069737,0.617651840044935,11.845795821029425,0.010834740603613113,10950,0.0,-2.1249289848818407,3.619812657077299,-1.289641057705902,22.564703,130.89069,8.73151,28.502051964898758,1482.566156431686,0.0205078125,0.0,99.9404296875,1561.634765625,1441.095703125,1786.310546875,1397.02734375,2.038901363115494,14.515756049438885,14.542000161476704,29.966325487872297,34.46875,204.4736328125,236.4326171875,522.9130859375,17.1865234375,109.0517578125,140.490234375,311.3916015625,1997-08-31,362.7
230,231,36.7,43.75,18.25,12.3,94425.0,-1332480.0,3577,36.92661564441198,42.71236116823714,18.977640780269525,9,1997,250,0.6816387600233341,0.6326199676319089,11.923064629424056,0.011177059132826628,10950,0.0,-2.1249289848818407,3.619812657077299,-1.289641057705902,22.564703,130.89069,8.73151,28.502051964898758,1482.566156431686,0.0205078125,0.0,21.263671875,1640.3115234375,1439.8076171875,1787.5986328125,1397.02734375,2.2588525317922206,11.541956564764508,16.554657412554377,31.67528115579617,36.9013671875,209.5732421875,238.9423828125,533.0947265625,21.095703125,125.107421875,126.23828125,313.203125,1997-09-07,362.7
231,232,34.55,43.55,20.35,10.45,94425.0,-1332480.0,3577,37.233061984449606,43.08372556235689,18.347306718047008,9,1997,259,0.6816387600233341,0.6515220604216373,12.025287363843983,0.01148149629262285,10950,0.0,-2.1249289848818407,3.619812657077299,-1.289641057705902,22.564703,130.89069,8.73151,28.502051964898758,1482.566156431686,0.0205078125,0.0,0.501953125,1661.0732421875,1439.8076171875,1787.5986328125,1396.20703125,2.257771921713512,14.711267303300184,14.845525317470162,34.88580663868315,34.521484375,215.5869140625,253.4970703125,543.3447265625,20.99609375,116.306640625,146.232421875,305.431640625,1997-09-16,362.7
232,233,37.3,43.55,17.75,11.35,94425.0,-1332480.0,3577,35.84525644633468,45.374541557506916,17.47312780098897,10,1997,275,0.7401768531960371,0.6841405417018135,12.211240357483112,0.01167672882734827,10950,0.0,-2.1249289848818407,3.619812657077299,-1.289641057705902,22.564703,130.89069,8.73151,28.502051964898758,1482.566156431686,3.111328125,0.0205078125,0.0615234375,1661.513671875,1439.650390625,1787.755859375,1396.1416015625,2.5743210745532368,14.383729009247714,17.520509450140736,36.054918739387105,37.5439453125,228.056640625,255.45703125,570.3974609375,24.5478515625,129.845703125,142.61328125,325.046875,1997-10-02,362.7
233,234,40.1,44.75,13.95,12.05,94425.0,-1332480.0,3577,34.94106930220959,46.655142999408476,17.098273398425643,10,1997,282,0.7401768531960371,0.6980014132400785,12.292783550713574,0.011614009286709859,10950,0.0,-2.1249289848818407,3.619812657077299,-1.289641057705902,22.564703,130.89069,8.73151,28.502051964898758,1482.566156431686,5.712890625,0.0205078125,0.0615234375,1658.6201171875,1429.376953125,1793.9189453125,1403.1455078125,1.8292739472824429,11.839284322692578,16.958050083800952,38.72990287205768,35.8837890625,217.625,265.6005859375,572.357421875,24.59765625,140.3173828125,154.3935546875,321.427734375,1997-10-09,362.7
234,235,36.85,47.45,14.5,11.85,94425.0,-1332480.0,3577,37.84209768559049,45.60094503019518,15.263853947907396,10,1997,291,0.7401768531960371,0.7154446155112547,12.396244397200109,0.011371300604604784,10950,0.0,-2.1249289848818407,3.619812657077299,-1.289641057705902,22.564703,130.89069,8.73151,28.502051964898758,1482.566156431686,5.8056640625,0.0205078125,0.046875,1652.2041015625,1432.5078125,1793.248046875,1407.1162109375,2.6194185128296654,16.060300965007336,13.656935180309315,39.1071244088453,38.353515625,231.6943359375,253.927734375,594.9560546875,24.1279296875,134.908203125,165.755859375,342.6826171875,1997-10-18,362.7
235,236,43.45,41.9,13.45,11.8,94425.0,-1332480.0,3577,43.56427099867055,42.16672966107728,12.970658883236382,10,1997,298,0.7401768531960371,0.7287113685069326,12.474559243593545,0.011028810363132635,10950,0.0,-2.1249289848818407,3.619812657077299,-1.289641057705902,22.564703,130.89069,8.73151,28.502051964898758,1482.566156431686,5.8076171875,0.0205078125,0.037109375,1640.1337890625,1442.8798828125,1794.955078125,1407.1171875,2.4048111741629072,15.276081977268657,18.679719477837,35.24355013901388,36.814453125,225.0244140625,270.0478515625,593.4267578125,25.7275390625,144.126953125,159.0361328125,365.8251953125,1997-10-25,362.7
236,237,40.75,43.9,13.9,11.75,94425.0,-1332480.0,3577,51.35514767128795,37.16150233992272,10.148830149806308,11,1997,307,0.793577803248942,0.7453741387858221,12.570611767727595,0.01034243335269558,10950,0.0,-2.1249289848818407,3.619812657077299,-1.289641057705902,22.564703,130.89069,8.73151,28.502051964898758,1482.566156431686,2.6962890625,3.1318359375,0.037109375,1639.791015625,1443.22265625,1785.2626953125,1406.8828125,2.872246875720105,15.762991157742645,17.609166317320604,37.420416040591334,38.7724609375,227.2509765625,259.71875,599.18359375,24.17578125,139.7958984375,171.8544921875,373.1279296875,1997-11-03,362.7
237,238,56.15,33.1,9.15,14.15,94425.0,-1332480.0,3577,59.50609555019616,32.16005098046331,6.903600367368277,12,1997,346,0.8414709848078965,0.8122185492125877,12.852583717265011,0.0030967337805414274,10950,0.0,-2.1249289848818407,3.619812657077299,-1.289641057705902,22.564703,130.89069,8.73151,28.502051964898758,1482.566156431686,179.44140625,19.05078125,0.0205078125,1375.849609375,1446.19921875,1853.6181640625,1410.15234375,1.6980717233531113,9.06221074047345,11.347983538794983,31.438909031333836,35.0390625,211.6640625,252.9814453125,591.2841796875,25.2568359375,148.5419921875,173.515625,394.755859375,1997-12-12,362.7
238,239,79.05,19.35,0.3,19.55,94425.0,-1332480.0,3577,66.09607288587887,27.09732449398005,5.281767531799331,3,1998,77,0.24740395925452294,0.20939764172668204,12.151784721489962,-0.011837264325540886,10950,0.0,-2.1249289848818407,3.619812657077299,-1.289641057705902,22.564703,130.89069,8.73151,28.502051964898758,1482.566156431686,194.69140625,858.822265625,250.3955078125,10.5400390625,1890.4521484375,1401.7607421875,1746.634765625,1.3688014246813038,7.424016153170656,8.066573457084758,17.791411454612522,35.0244140625,204.84375,239.158203125,542.6435546875,25.6845703125,153.6416015625,180.9462890625,405.5302734375,1998-03-18,365.44
239,240,76.55,21.4,0.45,18.85,94425.0,-1332480.0,3577,71.74373922475343,25.178580227004037,1.5046844714676917,3,1998,86,0.24740395925452294,0.2334424363766376,12.045757069846177,-0.01171361887901945,10950,0.0,-2.1249289848818407,3.619812657077299,-1.289641057705902,22.564703,130.89069,8.73151,28.502051964898758,1482.566156431686,172.84375,754.150390625,397.3310546875,0.16015625,1858.9814453125,1423.2216796875,1745.9501953125,1.5687897217169493,8.793950025321594,9.588904505581171,16.097912687163674,35.07421875,210.2431640625,244.1181640625,531.7841796875,24.794921875,151.5703125,179.4453125,407.775390625,1998-03-27,365.44
240,241,69.55,27.7,1.05,18.0,94425.0,-1332480.0,3577,73.5940128146145,24.926867128305485,0.0,4,1998,102,0.3271946967961522,0.27582900138378863,11.862719962145935,-0.011120955353042916,10950,0.0,-2.1249289848818407,3.619812657077299,-1.289641057705902,22.564703,130.89069,8.73151,28.502051964898758,1482.566156431686,110.90234375,696.6259765625,575.810546875,5.8876953125,1706.9462890625,1412.2158203125,1789.384765625,2.0030235816447153,10.13319596245953,13.462204711283489,23.179190127773502,35.9716796875,209.8017578125,254.3701171875,559.9033203125,25.140625,151.8271484375,174.96875,405.060546875,1998-04-12,365.44
241,242,68.15,29.3,1.0,18.35,94425.0,-1332480.0,3577,70.56968679030523,26.829804202637092,1.0310055025631124,4,1998,118,0.3271946967961522,0.317685628932238,11.693748461343617,-0.0099656002506876,10950,0.0,-2.1249289848818407,3.619812657077299,-1.289641057705902,22.564703,130.89069,8.73151,28.502051964898758,1482.566156431686,161.7861328125,452.2646484375,866.259765625,5.865234375,1668.5322265625,1448.208984375,1787.2578125,2.085443503268876,7.64363151256776,10.4542134283015,28.97441506355044,34.4921875,201.62109375,243.2041015625,572.7275390625,25.140625,148.6259765625,177.2861328125,403.638671875,1998-04-28,365.44
242,243,63.3684210526316,30.7368421052632,4.36842105263158,19.8947368421053,94423.4210526316,-1332477.63157895,3577,66.20002039673531,29.919110268902124,2.3424839703229545,5,1998,125,0.40471456356112473,0.3358106765401478,11.626814990243638,-0.009237598791006718,10950,0.0,-2.1249289848818407,3.619812657077299,-1.289641057705902,22.564703,130.89069,8.73151,28.502051964898758,1482.566156431686,157.9326171875,379.15234375,933.5400390625,15.58984375,1668.5322265625,1439.9443359375,1782.125,2.0706207687862244,10.580718981631234,9.729075015836635,25.966423780568448,35.228515625,207.5947265625,236.11328125,561.5615234375,24.236328125,146.6201171875,173.7666015625,405.9560546875,1998-05-05,365.44
243,244,62.2,34.7,1.7,17.0,94425.0,-1332480.0,3577,60.46759538326177,34.18103826269358,3.855544895058739,5,1998,134,0.40471456356112473,0.3589319018261088,11.549323535842133,-0.008067547399484454,10950,0.0,-2.1249289848818407,3.619812657077299,-1.289641057705902,22.564703,130.89069,8.73151,28.502051964898758,1482.566156431686,97.37890625,365.2412109375,1002.0341796875,21.9208984375,1661.5439453125,1445.0966796875,1783.3212890625,1.7541190141410008,11.115336571019373,13.111628936682504,23.548057948595662,35.2392578125,201.21484375,239.1162109375,548.2822265625,24.3662109375,141.7158203125,166.296875,400.71484375,1998-05-14,365.44
244,245,58.9,38.35,1.2,17.65,94425.0,-1332480.0,3577,56.59774422252802,36.631745995566504,5.333469178694061,5,1998,141,0.40471456356112473,0.3767649259398519,11.497168005104166,-0.006963689677132123,10950,0.0,-2.1249289848818407,3.619812657077299,-1.289641057705902,22.564703,130.89069,8.73151,28.502051964898758,1482.566156431686,22.0439453125,340.099609375,1034.728515625,89.9228515625,1661.5439453125,1445.0634765625,1783.3544921875,1.8002713992931492,11.079812953343104,12.869455585160374,26.205473456976666,33.5087890625,207.453125,236.4541015625,544.1943359375,22.896484375,152.125,166.08203125,389.7255859375,1998-05-21,365.44
245,246,49.65,31.9,17.1,10.35,94425.0,-1332480.0,3577,54.33289356886394,38.38246426865701,5.9563666901771075,5,1998,150,0.40471456356112473,0.39948857551559425,11.442625626536037,-0.005297847644733622,10950,0.0,-2.1249289848818407,3.619812657077299,-1.289641057705902,22.564703,130.89069,8.73151,28.502051964898758,1482.566156431686,0.6162109375,288.9755859375,1060.576171875,136.626953125,1661.5439453125,1445.0625,1783.35546875,1.704352335106036,10.94071740625465,12.770158465643425,29.671214713384735,33.80859375,193.134765625,238.4619140625,544.318359375,22.17578125,133.5869140625,165.251953125,383.640625,1998-05-30,365.44
246,247,53.35,42.9,2.55,16.45,94425.0,-1332480.0,3577,51.503595239688245,40.658724394387214,6.545111618053445,6,1998,157,0.479425538604203,0.41699531437359943,11.411332173056012,-0.0038308074762340993,10950,0.0,-2.1249289848818407,3.619812657077299,-1.289641057705902,22.564703,130.89069,8.73151,28.502051964898758,1482.566156431686,0.5205078125,235.8330078125,1072.384765625,178.03515625,1661.5751953125,1445.0615234375,1783.3564453125,2.0512155174679405,11.08857449288215,12.645069741360686,29.329744242345654,35.0390625,205.2744140625,226.943359375,543.6640625,21.8583984375,140.1845703125,155.7626953125,382.595703125,1998-06-06,365.44
247,248,53.15,43.85,1.65,15.65,94425.0,-1332480.0,3577,48.41005320245267,42.6898762635378,7.6171079124546655,6,1998,166,0.479425538604203,0.43927773034583373,11.386994324748727,-0.0017814725844917945,10950,0.0,-2.1249289848818407,3.619812657077299,-1.289641057705902,22.564703,130.89069,8.73151,28.502051964898758,1482.566156431686,0.22265625,183.009765625,1060.4375,243.103515625,1661.5751953125,1445.033203125,1782.373046875,1.9216163269016173,11.465341991068826,13.737031888883863,29.05739720978807,32.94921875,199.3134765625,242.6142578125,532.1728515625,18.908203125,111.078125,154.9072265625,370.0166015625,1998-06-15,365.44
248,249,43.0,44.35,11.5,18.2,94425.0,-1332480.0,3577,46.01794184306125,43.9814334923606,8.750437675407854,6,1998,173,0.479425538604203,0.45642454906324836,11.381156428546761,-0.0001193798257741463,10950,0.0,-2.1249289848818407,3.619812657077299,-1.289641057705902,22.564703,130.89069,8.73151,28.502051964898758,1482.566156431686,0.0107421875,164.26171875,978.3408203125,344.1611328125,1661.5751953125,1441.095703125,1786.310546875,1.8651537958472606,10.068756050577134,13.386958317970443,30.024270633028507,32.1787109375,193.43359375,232.2626953125,536.3251953125,22.1484375,123.3193359375,129.986328125,359.671875,1998-06-22,365.44
249,250,41.4,45.3,12.0,15.8,94425.0,-1332480.0,3577,43.92155844806321,44.73399675930375,10.105359786049167,7,1998,182,0.5508090958869698,0.47822292126032895,11.390770301593188,0.0020093910078209376,10950,0.0,-2.1249289848818407,3.619812657077299,-1.289641057705902,22.564703,130.89069,8.73151,28.502051964898758,1482.566156431686,0.0068359375,162.4208984375,858.8974609375,465.455078125,1661.5751953125,1441.095703125,1786.310546875,1.828590608753452,10.541680024267563,11.444537523228401,30.431546616605463,32.46875,192.9541015625,223.212890625,540.3349609375,21.7978515625,119.46875,141.8671875,324.8701171875,1998-07-01,365.44
250,251,43.5,46.25,9.0,15.85,94425.0,-1332480.0,3577,42.70330381691973,45.187231808432486,10.872104830152743,7,1998,189,0.5508090958869698,0.49497687645016214,11.41121583941613,0.0035908035021403606,10950,0.0,-2.1249289848818407,3.619812657077299,-1.289641057705902,22.564703,130.89069,8.73151,28.502051964898758,1482.566156431686,0.013671875,97.6083984375,844.3720703125,544.79296875,1661.5751953125,1441.095703125,1786.310546875,1.869182765864919,10.250162906810559,12.370270633021015,28.13905225095,34.7509765625,190.0849609375,225.4228515625,520.93359375,21.48828125,121.4091796875,141.2666015625,311.830078125,1998-07-08,365.44
251,252,43.95,42.35,12.35,12.85,94425.0,-1332480.0,3577,41.80278096515862,45.31447639047581,11.606331594100757,7,1998,205,0.5508090958869698,0.5325782277370062,11.496325449999782,0.006721546999095551,10950,0.0,-2.1249289848818407,3.619812657077299,-1.289641057705902,22.564703,130.89069,8.73151,28.502051964898758,1482.566156431686,0.01171875,3.6220703125,792.259765625,690.8935546875,1661.5751953125,1441.095703125,1786.310546875,1.9874730039971487,9.825667820044764,12.815520533392792,28.281972043521733,33.560546875,199.5068359375,226.8271484375,517.041015625,22.568359375,127.4375,135.7958984375,324.8798828125,1998-07-24,365.44
252,253,39.35,45.0,14.4,12.35,94425.0,-1332480.0,3577,40.784252744153775,45.00524150771156,12.910815345643137,8,1998,214,0.618369803069737,0.5532838822146887,11.56396544156021,0.008108890438775163,10950,0.0,-2.1249289848818407,3.619812657077299,-1.289641057705902,22.564703,130.89069,8.73151,28.502051964898758,1482.566156431686,0.0009765625,0.6123046875,539.09765625,947.0771484375,1661.5751953125,1441.095703125,1786.310546875,2.2860036883401875,11.898468390476625,12.379206707574433,28.041482021891948,32.529296875,199.1669921875,233.7666015625,527.986328125,16.77734375,130.068359375,154.1455078125,319.619140625,1998-08-02,365.44
253,254,41.35,47.05,10.35,13.95,94425.0,-1332480.0,3577,40.953153348193666,46.2865076100301,11.392935547423011,8,1998,221,0.618369803069737,0.5691563611926911,11.624367971779634,0.00899556524061218,10950,0.0,-2.1249289848818407,3.619812657077299,-1.289641057705902,22.564703,130.89069,8.73151,28.502051964898758,1482.566156431686,0.0009765625,0.5341796875,481.6591796875,1004.59375,1661.5751953125,1441.095703125,1786.310546875,2.3976179453640016,11.02416099091399,14.184472078816812,28.437204883888022,34.7587890625,206.84375,231.6962890625,527.166015625,22.7666015625,116.171875,146.845703125,328.8076171875,1998-08-09,365.44
254,255,41.15,46.95,10.45,13.25,94425.0,-1332480.0,3577,40.620038320806245,47.61387235055254,10.344072181686736,8,1998,230,0.618369803069737,0.5892554411139688,11.710064893927553,0.009906824107533296,10950,0.0,-2.1249289848818407,3.619812657077299,-1.289641057705902,22.564703,130.89069,8.73151,28.502051964898758,1482.566156431686,0.0009765625,0.0234375,365.916015625,1120.84765625,1661.5751953125,1441.095703125,1786.310546875,2.3072075171519217,13.463857202942357,14.413630702640528,30.14796078257149,35.458984375,205.3427734375,239.443359375,531.580078125,17.88671875,103.33203125,139.818359375,336.625,1998-08-18,365.44
255,256,40.9,48.45,9.2,12.45,94425.0,-1332480.0,3577,41.23550087682599,47.67869081382301,9.661802593689696,8,1998,237,0.618369803069737,0.6046410009470569,11.781689654639067,0.010457841591774653,10950,0.0,-2.1249289848818407,3.619812657077299,-1.289641057705902,22.564703,130.89069,8.73151,28.502051964898758,1482.566156431686,0.0234375,0.0234375,321.0859375,1165.6572265625,1661.595703125,1441.095703125,1786.310546875,2.273982676611817,13.144355824080169,15.771064720094278,32.18238477763759,36.5888671875,215.6337890625,240.8017578125,537.2568359375,22.6767578125,124.7421875,121.21875,322.2978515625,1998-08-25,365.44
256,257,40.25,49.7,8.55,12.3,94425.0,-1332480.0,3577,41.052315486365075,48.252901123636946,9.271455324859513,9,1998,246,0.6816387600233341,0.6240948908825068,11.878621854031948,0.01099355850900885,10950,0.0,-2.1249289848818407,3.619812657077299,-1.289641057705902,22.564703,130.89069,8.73151,28.502051964898758,1482.566156431686,0.0224609375,0.0146484375,236.4287109375,1250.32421875,1661.595703125,1441.095703125,1786.310546875,2.141324108265824,14.141632941607213,15.355667380467963,34.58713303948264,35.701171875,198.65625,252.392578125,551.392578125,20.56640625,106.23046875,156.0087890625,295.7412109375,1998-09-03,365.44
257,258,40.2,48.85,9.5,12.25,94425.0,-1332480.0,3577,40.33003420727276,48.88101712528227,9.421895905950226,9,1998,253,0.6816387600233341,0.6389639720086414,11.956834748616279,0.011294679375179584,10950,0.0,-2.1249289848818407,3.619812657077299,-1.289641057705902,22.564703,130.89069,8.73151,28.502051964898758,1482.566156431686,0.0478515625,0.0146484375,208.5107421875,1278.2421875,1661.595703125,1439.8076171875,1787.5986328125,2.762235541003837,13.873520361702706,16.282957049873037,35.52916971731007,36.4208984375,217.685546875,234.357421875,564.341796875,20.3662109375,132.4267578125,126.796875,311.931640625,1998-09-10,365.44
258,259,42.05,47.1,9.5,11.75,94425.0,-1332480.0,3577,41.835617787778716,48.683053324377326,8.095108142630153,9,1998,262,0.6816387600233341,0.6577352961024162,12.05987546002561,0.011551599882047014,10950,0.0,-2.1249289848818407,3.619812657077299,-1.289641057705902,22.564703,130.89069,8.73151,28.502051964898758,1482.566156431686,0.1318359375,0.0146484375,164.6826171875,1322.0703125,1661.595703125,1439.8076171875,1787.5986328125,2.343380446221846,15.999831068069946,16.86107020664293,35.789828432459444,36.541015625,224.0869140625,254.2568359375,558.4521484375,23.326171875,140.146484375,154.712890625,325.3583984375,1998-09-19,365.44
259,260,44.35,47.3,7.25,12.55,94425.0,-1332480.0,3577,41.668064907222764,48.527014007656916,8.48724479854384,9,1998,269,0.6816387600233341,0.6720593312461268,12.141200857225357,0.011655707587651776,10950,0.0,-2.1249289848818407,3.619812657077299,-1.289641057705902,22.564703,130.89069,8.73151,28.502051964898758,1482.566156431686,2.4306640625,0.0322265625,162.42578125,1324.33203125,1661.595703125,1439.650390625,1787.755859375,2.3455008884601485,14.669692889353573,18.34321151429179,37.29523125863441,35.310546875,222.1162109375,260.6279296875,560.31640625,24.2158203125,147.0556640625,163.47265625,324.0625,1998-09-26,365.44
260,261,44.7,45.65,8.3,10.75,94425.0,-1332480.0,3577,43.117889540793314,48.367441382140036,7.243640260667043,10,1998,278,0.7401768531960371,0.6901120250244518,12.246245008084735,0.011662010485347096,10950,0.0,-2.1249289848818407,3.619812657077299,-1.289641057705902,22.564703,130.89069,8.73151,28.502051964898758,1482.566156431686,2.6162109375,0.0234375,97.6220703125,1386.033203125,1664.70703125,1431.57421875,1795.8173828125,2.8740531156508267,16.067383777798717,17.1706600830936,40.45888274659745,38.2236328125,226.9248046875,257.5068359375,589.88671875,24.3681640625,146.76171875,170.2919921875,366.947265625,1998-10-05,365.44
261,262,36.35,51.7,10.6,8.8,94425.0,-1332480.0,3577,45.622126480324,45.17732577019827,7.861910122899661,10,1998,285,0.7401768531960371,0.7038634940818181,12.327512242739926,0.011555057414019743,10950,0.0,-2.1249289848818407,3.619812657077299,-1.289641057705902,22.564703,130.89069,8.73151,28.502051964898758,1482.566156431686,49.2548828125,0.1181640625,97.62109375,1383.33984375,1663.4462890625,1428.6455078125,1795.7119140625,1.6658364699065293,14.98321657861231,18.941436893449545,40.76847262304812,36.314453125,230.2333984375,265.1484375,593.13671875,23.7783203125,150.2978515625,171.1298828125,382.5263671875,1998-10-12,365.44
262,263,53.35,41.75,3.5,15.1,94425.0,-1332480.0,3577,48.99339633533948,42.156028491625904,7.487188508085223,10,1998,301,0.7401768531960371,0.73431535665374,12.507261796748796,0.010833385592283307,10950,0.0,-2.1249289848818407,3.619812657077299,-1.289641057705902,22.564703,130.89069,8.73151,28.502051964898758,1482.566156431686,117.287109375,2.6357421875,0.640625,1480.3193359375,1645.65625,1443.22265625,1794.8896484375,1.938847602513208,12.153558463938365,14.358589228172981,39.70547007482358,37.09375,219.103515625,260.12890625,607.5146484375,25.8583984375,146.298828125,175.2158203125,395.01171875,1998-10-28,365.44
263,264,56.8,37.2,4.55,15.6,94425.0,-1332480.0,3577,51.488510251350846,38.26707982419485,8.884234341508556,11,1998,310,0.793577803248942,0.7508281857005106,12.601047038928604,0.010042142690563693,10950,0.0,-2.1249289848818407,3.619812657077299,-1.289641057705902,22.564703,130.89069,8.73151,28.502051964898758,1482.566156431686,168.8076171875,2.6767578125,0.53515625,1470.7001953125,1630.7890625,1457.7861328125,1785.12890625,1.2908081821156001,11.17525416756188,13.680073433554503,34.775772087064574,34.591796875,218.31640625,260.13671875,599.345703125,23.65625,149.7802734375,173.857421875,396.70703125,1998-11-06,365.44
264,265,48.0,33.0,18.0,12.0,94365.0,-1332510.0,3577,55.50510078156307,32.73814003333638,10.482909711545915,11,1998,317,0.793577803248942,0.7633564132116517,12.668039977178948,0.00918400260317398,10950,0.0,-2.1249289848818407,3.619812657077299,-1.289641057705902,22.564703,130.89069,8.73151,28.502051964898758,1482.566156431686,143.986328125,49.3720703125,0.1416015625,1467.4140625,1621.6484375,1459.53515625,1796.162109375,1.536532345876792,11.501437314554183,12.466062349677479,32.74499017961631,34.76171875,215.431640625,252.908203125,593.2734375,25.1064453125,150.6767578125,173.4365234375,396.6591796875,1998-11-13,365.44
265,266,66.8,26.65,5.0,14.3,94425.0,-1332480.0,3577,60.95633123325712,27.98785858104325,9.86076230271129,11,1998,326,0.793577803248942,0.7790509663129592,12.743722578190905,0.0077286736577732995,10950,0.0,-2.1249289848818407,3.619812657077299,-1.289641057705902,22.564703,130.89069,8.73151,28.502051964898758,1482.566156431686,153.603515625,100.1650390625,0.046875,1396.8720703125,1623.2939453125,1474.4287109375,1836.220703125,1.6006047807115775,10.869666833933344,11.866719561245503,30.2529552414546,35.822265625,218.5419921875,248.1328125,585.548828125,22.92578125,152.17578125,174.7734375,395.5361328125,1998-11-22,365.44
266,267,61.95,20.85,16.05,12.3,94425.0,-1332480.0,3577,64.98866613261927,24.226210786114287,9.695714347570483,12,1998,349,0.8414709848078965,0.8169857450618612,12.860229071429202,0.0022718068012927972,10950,0.0,-2.1249289848818407,3.619812657077299,-1.289641057705902,22.564703,130.89069,8.73151,28.502051964898758,1482.566156431686,207.279296875,207.4140625,0.1435546875,1285.7587890625,1549.0576171875,1437.08203125,1881.798828125,1.1409177465095697,5.584917153013702,8.33687645390974,27.762796522551522,35.1787109375,190.7041015625,231.4228515625,577.162109375,23.037109375,142.2919921875,173.0693359375,408.8076171875,1998-12-15,365.44
267,268,64.0,30.0,5.33333333333333,19.6666666666667,94485.0,-1332495.0,3577,66.82500920131501,22.31992465738262,9.823177957232215,1,1999,25,0.08323691620031025,0.0684396094589796,12.716137184989554,-0.008232141804773718,10950,0.0,-2.1249289848818407,3.619812657077299,-1.289641057705902,22.564703,130.89069,8.73151,28.502051964898758,1482.566156431686,251.935546875,366.072265625,119.9228515625,795.89453125,1312.755859375,1697.388671875,1646.2626953125,1.6039064461971655,7.135600158321777,6.205811750348532,16.59954770284896,35.267578125,205.5283203125,222.3349609375,525.3564453125,26.32421875,148.552734375,173.5869140625,399.6630859375,1999-01-25,367.26
268,269,67.6666666666667,18.0,13.25,12.75,94442.5,-1332462.5,3577,66.38294146512969,23.205752451879015,9.355848795166283,3,1999,80,0.24740395925452294,0.21742744196619432,12.116318362156486,-0.011812667220400641,10950,0.0,-2.1249289848818407,3.619812657077299,-1.289641057705902,22.564703,130.89069,8.73151,28.502051964898758,1482.566156431686,282.7998046875,618.400390625,430.6494140625,182.3408203125,1304.724609375,1867.34375,1429.283203125,1.049384220159633,4.943310868147274,7.229839228212045,19.277745370572628,33.7236328125,187.453125,229.8291015625,542.9951171875,24.3447265625,145.9296875,171.724609375,400.25,1999-03-21,367.26
269,270,75.1,23.35,0.4,18.35,94425.0,-1332480.0,3577,66.85986815041545,24.276059234879135,7.733502565544755,3,1999,89,0.24740395925452294,0.24142654866249988,12.010760802407965,-0.011639499677512433,10950,0.0,-2.1249289848818407,3.619812657077299,-1.289641057705902,22.564703,130.89069,8.73151,28.502051964898758,1482.566156431686,341.9873046875,582.29296875,510.212890625,165.07421875,1324.4921875,1858.9814453125,1400.5107421875,1.453438564299202,7.597792337920879,7.65872204219157,17.132295191417924,34.2236328125,205.2041015625,229.4169921875,533.8251953125,25.0048828125,145.7509765625,170.974609375,393.9423828125,1999-03-30,367.26
270,271,62.05,30.6,5.95,14.95,94425.0,-1332480.0,3577,65.27584381561735,27.20147112948564,6.285733977064307,4,1999,96,0.3271946967961522,0.25999178818616486,11.93018319103178,-0.011401551943812649,10950,0.0,-2.1249289848818407,3.619812657077299,-1.289641057705902,22.564703,130.89069,8.73151,28.502051964898758,1482.566156431686,419.197265625,618.9658203125,526.6357421875,116.353515625,1373.1728515625,1794.0439453125,1343.1357421875,0.8409451636878023,4.579387193382151,9.05123090222008,16.375749913163286,32.8720703125,187.84765625,239.427734375,522.423828125,24.0810546875,143.9033203125,170.755859375,391.478515625,1999-04-06,367.26
271,272,56.2,27.85,14.8,19.65,94425.0,-1332480.0,3577,61.95132787747961,30.58536556322477,6.164466647902259,4,1999,105,0.3271946967961522,0.2837199249069785,11.829690715511916,-0.010951923117453077,10950,0.0,-2.1249289848818407,3.619812657077299,-1.289641057705902,22.564703,130.89069,8.73151,28.502051964898758,1482.566156431686,325.1279296875,597.2197265625,613.630859375,146.994140625,1389.212890625,1681.8193359375,1435.2041015625,1.7070816545422178,9.191835390256468,6.310158572860433,18.627288974780292,34.591796875,206.4814453125,226.4052734375,533.623046875,22.94140625,151.4873046875,171.1171875,389.2705078125,1999-04-15,367.26
272,273,61.6,34.75,2.2,16.95,94425.0,-1332480.0,3577,60.66470479983505,33.665941024914325,4.286536837774587,5,1999,121,0.40471456356112473,0.32546820322762066,11.66443280166225,-0.00967204215880102,10950,0.0,-2.1249289848818407,3.619812657077299,-1.289641057705902,22.564703,130.89069,8.73151,28.502051964898758,1482.566156431686,91.72265625,728.369140625,618.607421875,164.2822265625,1486.1845703125,1668.5322265625,1440.16796875,2.0642709600945595,9.394726236788745,11.82637267294188,21.102751344370084,28.6318359375,193.9619140625,236.615234375,536.3427734375,16.7412109375,139.0859375,169.328125,396.4287109375,1999-05-01,367.26
273,274,60.15,36.8,1.55,18.45,94425.0,-1332480.0,3577,58.68264954858506,35.89702526575056,4.072677838157107,5,1999,137,0.40471456356112473,0.3665911745948919,11.526017975423333,-0.007615501001248859,10950,0.0,-2.1249289848818407,3.619812657077299,-1.289641057705902,22.564703,130.89069,8.73151,28.502051964898758,1482.566156431686,16.9794921875,543.9931640625,822.091796875,219.41796875,1486.677734375,1661.5439453125,1445.0966796875,1.7690442408978269,11.043537586440424,13.590097816110879,26.827697871625737,33.9287109375,195.4130859375,227.4521484375,517.5263671875,20.6357421875,102.65625,154.162109375,353.9873046875,1999-05-17,367.26
274,275,58.3,38.45,2.1,18.7,94425.0,-1332480.0,3577,57.088895263654535,39.094197752705846,2.5536209920107034,5,1999,144,0.40471456356112473,0.38436561199709685,11.477320682725185,-0.006438385064290841,10950,0.0,-2.1249289848818407,3.619812657077299,-1.289641057705902,22.564703,130.89069,8.73151,28.502051964898758,1482.566156431686,15.9873046875,517.1962890625,814.9951171875,254.1865234375,1486.794921875,1661.5439453125,1445.0634765625,1.4784827038090593,11.69616262169926,12.812581827338251,28.591423014794742,32.0390625,198.154296875,229.341796875,508.36328125,17.81640625,110.646484375,123.2919921875,338.8212890625,1999-05-24,367.26
275,276,56.05,41.5,1.25,17.35,94425.0,-1332480.0,3577,55.9653965229733,39.55671263720208,3.247692091190057,6,1999,153,0.479425538604203,0.407009831352486,11.427950629541279,-0.004685649857218976,10950,0.0,-2.1249289848818407,3.619812657077299,-1.289641057705902,22.564703,130.89069,8.73151,28.502051964898758,1482.566156431686,0.0,467.1396484375,836.5341796875,298.681640625,1486.7734375,1661.5751953125,1445.0615234375,2.040623959326312,11.845424823898124,12.767985301580717,30.376273204136456,34.5986328125,202.353515625,227.3427734375,525.15234375,21.6279296875,124.8076171875,128.892578125,316.65625,1999-06-02,367.26
276,277,55.95,39.2,3.75,18.2,94425.0,-1332480.0,3577,56.915644417493496,40.857338327301264,1.0302734417283939,6,1999,160,0.479425538604203,0.4244516272420487,11.401168156168831,-0.0031644134675854474,10950,0.0,-2.1249289848818407,3.619812657077299,-1.289641057705902,22.564703,130.89069,8.73151,28.502051964898758,1482.566156431686,0.1083984375,420.2197265625,791.35546875,390.7802734375,1486.7734375,1661.5751953125,1445.0615234375,1.6540396172336982,10.180627408869592,13.886048783224435,29.5541606896063,30.689453125,196.814453125,236.9521484375,525.04296875,24.5380859375,124.7080078125,146.435546875,291.38671875,1999-06-09,367.26
277,278,55.75,41.8,1.25,16.7,94425.0,-1332480.0,3577,55.81735153390666,43.06473511008471,0.0,6,1999,169,0.479425538604203,0.44664651901106794,11.383065601040142,-0.0010727313566292196,10950,0.0,-2.1249289848818407,3.619812657077299,-1.289641057705902,22.564703,130.89069,8.73151,28.502051964898758,1482.566156431686,0.1083984375,298.8408203125,872.712890625,430.8017578125,1486.7734375,1661.5751953125,1441.095703125,2.092773371284422,11.28953543116526,11.86631733014596,30.370557839747526,32.44921875,194.54296875,227.244140625,530.72265625,21.078125,109.4287109375,149.8056640625,314.064453125,1999-06-18,367.26
278,279,53.15,43.35,2.2,16.8,94425.0,-1332480.0,3577,54.0102221308023,44.074823009800944,0.7655675593754931,6,1999,176,0.479425538604203,0.463722163275047,11.382229865626973,0.0005961547525625832,10950,0.0,-2.1249289848818407,3.619812657077299,-1.289641057705902,22.564703,130.89069,8.73151,28.502051964898758,1482.566156431686,0.1083984375,208.8828125,900.9462890625,492.5244140625,1486.775390625,1661.5751953125,1441.095703125,1.8859608142068707,12.565767179615513,13.382308802449682,29.46888986831277,30.6494140625,189.9443359375,226.9921875,530.6240234375,20.1884765625,128.197265625,130.5068359375,334.9775390625,1999-06-25,367.26
279,280,49.15,47.25,2.4,15.85,94425.0,-1332480.0,3577,51.71605468833798,45.03303167420141,2.0217172919956283,7,1999,185,0.5508090958869698,0.4854250854422403,11.398180245004923,0.0026986140668299186,10950,0.0,-2.1249289848818407,3.619812657077299,-1.289641057705902,22.564703,130.89069,8.73151,28.502051964898758,1482.566156431686,0.1083984375,40.044921875,1033.2744140625,529.0224609375,1486.787109375,1661.5751953125,1441.095703125,2.2455974823502984,11.968917994178172,14.040609253325114,29.573159565678516,30.8310546875,180.607421875,213.5234375,520.1044921875,17.828125,109.0078125,141.3857421875,322.0283203125,1999-07-04,367.26
280,281,52.8,44.15,1.85,16.3,94425.0,-1332480.0,3577,48.02154733810363,45.513873433061676,5.161488666131859,7,1999,192,0.5508090958869698,0.5021017714378186,11.423282634990363,0.00423545286933269,10950,0.0,-2.1249289848818407,3.619812657077299,-1.289641057705902,22.564703,130.89069,8.73151,28.502051964898758,1482.566156431686,0.0,17.0986328125,956.56640625,628.78515625,1486.787109375,1661.5751953125,1441.095703125,2.001373728115576,11.712164336133366,14.21451547652847,31.74745148885767,34.541015625,194.56640625,211.4384765625,506.3837890625,19.6376953125,114.34765625,126.8359375,313.6083984375,1999-07-11,367.26
281,282,48.75,48.65,1.3,15.05,94425.0,-1332480.0,3577,43.80982809759245,45.597097793840206,9.263134079541366,7,1999,201,0.5508090958869698,0.5232710271860929,11.470482374524018,0.006014780322585622,10950,0.0,-2.1249289848818407,3.619812657077299,-1.289641057705902,22.564703,130.89069,8.73151,28.502051964898758,1482.566156431686,0.0,17.0341796875,878.2119140625,707.2041015625,1486.787109375,1661.5751953125,1441.095703125,2.1641229978360887,11.757840351374098,13.611277543428361,32.45507145246171,32.810546875,190.9267578125,230.3076171875,487.2236328125,14.6982421875,87.1787109375,131.7060546875,308.037109375,1999-07-20,367.26
282,283,33.45,45.8,19.4,15.8,94425.0,-1332480.0,3577,39.042516616504585,45.894545238036834,13.697731061506104,8,1999,216,0.618369803069737,0.5578398973033405,11.580590128809972,0.00837902180590433,10950,0.0,-2.1249289848818407,3.619812657077299,-1.289641057705902,22.564703,130.89069,8.73151,28.502051964898758,1482.566156431686,0.0,0.1083984375,745.873046875,856.4677734375,1486.7880859375,1661.5751953125,1441.095703125,2.1693562244430495,12.51905882889812,15.853707470458556,31.481684180542175,32.478515625,192.9931640625,211.8974609375,518.236328125,17.8271484375,111.65625,120.49609375,266.5888671875,1999-08-04,367.26
283,284,33.0,40.6,24.85,14.7,94425.0,-1332480.0,3577,35.36577431855542,44.82244690293556,18.4551581545362,8,1999,217,0.618369803069737,0.5601116325912429,11.589099115027311,0.008508986217339753,10950,0.0,-2.1249289848818407,3.619812657077299,-1.289641057705902,22.564703,130.89069,8.73151,28.502051964898758,1482.566156431686,0.0,0.1083984375,734.205078125,868.1357421875,1486.7880859375,1661.5751953125,1441.095703125,2.6099126981336793,13.015634733945951,15.36601689022165,31.629699813960144,33.298828125,195.7705078125,209.767578125,518.5166015625,19.8271484375,115.625,118.3662109375,263.76953125,1999-08-05,367.26
284,285,32.5,44.7,21.45,14.0,94425.0,-1332480.0,3577,33.03722964341666,44.14861871873596,21.456824135613502,8,1999,225,0.618369803069737,0.5781327361770225,11.661453817251006,0.009430743138834075,10950,0.0,-2.1249289848818407,3.619812657077299,-1.289641057705902,22.564703,130.89069,8.73151,28.502051964898758,1482.566156431686,0.0,0.1083984375,569.17578125,1033.1650390625,1486.7880859375,1661.5751953125,1441.095703125,2.6486804673542785,13.055536174335197,16.161012234493956,33.02888653947721,34.609375,202.2431640625,231.7568359375,499.1865234375,19.296875,118.6826171875,137.9912109375,248.619140625,1999-08-13,367.26
285,286,33.9,46.45,18.4,13.45,94425.0,-1332480.0,3577,31.96206239580375,43.94825824329812,22.72378055380812,8,1999,232,0.618369803069737,0.5936736786949399,11.730135784032406,0.01007740768482357,10950,0.0,-2.1249289848818407,3.619812657077299,-1.289641057705902,22.564703,130.89069,8.73151,28.502051964898758,1482.566156431686,0.0,0.1083984375,537.7041015625,1064.63671875,1486.767578125,1661.595703125,1441.095703125,2.080303072527789,14.002990146224727,15.704216641689476,35.290018398820806,31.859375,191.4228515625,236.8525390625,505.0869140625,20.2666015625,104.1826171875,137.9794921875,286.6435546875,1999-08-20,367.26
286,287,33.1,44.35,21.25,13.05,94425.0,-1332480.0,3577,32.21372729437263,44.402806945369974,22.053304899431637,8,1999,233,0.618369803069737,0.5958761215123557,11.740294435630053,0.010158651597647506,10950,0.0,-2.1249289848818407,3.619812657077299,-1.289641057705902,22.564703,130.89069,8.73151,28.502051964898758,1482.566156431686,0.0,0.1083984375,534.1904296875,1068.150390625,1486.767578125,1661.595703125,1441.095703125,2.1927415901461234,13.664138308621565,16.069288046731337,35.183631004277764,32.5986328125,188.8037109375,237.982421875,506.6044921875,19.2568359375,107.6923828125,132.4189453125,292.97265625,1999-08-21,367.26
287,288,33.15,44.2,21.35,12.8,94425.0,-1332480.0,3577,34.1293836194714,44.41253112212201,20.174039273417065,8,1999,241,0.618369803069737,0.6133332651879557,11.824183522994854,0.010718181577891173,10950,0.0,-2.1249289848818407,3.619812657077299,-1.289641057705902,22.564703,130.89069,8.73151,28.502051964898758,1482.566156431686,0.0,0.1083984375,486.51953125,1115.798828125,1486.7900390625,1661.595703125,1441.095703125,2.2230339995179342,12.769141410045439,15.872727108941245,36.61695251344429,35.46875,207.8642578125,222.7724609375,535.396484375,19.296875,114.732421875,127.708984375,310.724609375,1999-08-29,367.26
288,289,37.1,42.05,19.55,12.65,94425.0,-1332480.0,3577,35.65478685400753,45.268220788492656,17.796399575653883,9,1999,256,0.6816387600233341,0.6452648114885879,11.99092493799372,0.011395975502617617,10950,0.0,-2.1249289848818407,3.619812657077299,-1.289641057705902,22.564703,130.89069,8.73151,28.502051964898758,1482.566156431686,0.0,0.0,336.8876953125,1265.4443359375,1486.884765625,1661.595703125,1439.8076171875,2.7452584037443337,13.200781860992922,14.97722608636154,35.65634838203388,37.4814453125,215.255859375,240.50390625,531.892578125,20.896484375,115.1953125,119.8837890625,297.0419921875,1999-09-13,367.26
289,290,35.05,47.4,16.15,12.75,94425.0,-1332480.0,3577,36.058727186121175,44.21549394876907,18.418578016408084,9,1999,257,0.6816387600233341,0.6473554254622432,12.002351151525394,0.011426213531674279,10950,0.0,-2.1249289848818407,3.619812657077299,-1.289641057705902,22.564703,130.89069,8.73151,28.502051964898758,1482.566156431686,0.0,0.0,304.822265625,1297.509765625,1486.884765625,1661.595703125,1439.8076171875,2.6409592094182783,13.913766771402786,14.782371331684637,35.55090790291534,36.8408203125,217.255859375,242.5166015625,533.052734375,18.90625,116.2158203125,125.65234375,293.15234375,1999-09-14,367.26
290,291,35.7,44.85,18.15,12.5,94425.0,-1332480.0,3577,36.119086795551986,43.6017850570417,18.922312671845447,9,1999,264,0.6816387600233341,0.6618527940178025,12.083036891448428,0.011589856607081117,10950,0.0,-2.1249289848818407,3.619812657077299,-1.289641057705902,22.564703,130.89069,8.73151,28.502051964898758,1482.566156431686,0.0048828125,0.0,226.2177734375,1376.099609375,1486.8994140625,1661.595703125,1439.8076171875,2.948663809664498,13.285421289375549,16.554725980821065,34.46055212565874,35.720703125,212.796875,254.0966796875,552.796875,18.896484375,126.2158203125,135.1220703125,291.095703125,1999-09-21,367.26
291,292,36.85,43.5,18.4,12.4,94425.0,-1332480.0,3577,35.00194202082224,45.10652428066615,18.543654333280045,9,1999,265,0.6816387600233341,0.6639040987988447,12.09464333477965,0.011606443331222849,10950,0.0,-2.1249289848818407,3.619812657077299,-1.289641057705902,22.564703,130.89069,8.73151,28.502051964898758,1482.566156431686,0.0048828125,0.0,214.4921875,1387.8193359375,1486.9052734375,1661.595703125,1439.8076171875,2.2040687958491754,13.96346748025248,16.668082732281704,34.868717285327875,35.5009765625,211.99609375,255.126953125,555.369140625,20.4755859375,126.9267578125,134.171875,291.1240234375,1999-09-22,367.26
292,293,38.1,43.05,17.4,12.55,94425.0,-1332480.0,3577,38.361214791394815,43.998829807956355,16.21850440580848,9,1999,272,0.6816387600233341,0.6781228416014485,12.176208838131453,0.011674362908484781,10950,0.0,-2.1249289848818407,3.619812657077299,-1.289641057705902,22.564703,130.89069,8.73151,28.502051964898758,1482.566156431686,0.0048828125,0.0,72.244140625,1527.56640625,1489.40625,1661.595703125,1439.650390625,2.29115457804223,14.983334277347174,16.167536276101654,35.83484317930464,34.6005859375,216.046875,247.4970703125,566.603515625,19.005859375,131.4365234375,147.40234375,293.0673828125,1999-09-29,367.26
293,294,38.55,44.3,15.65,12.35,94425.0,-1332480.0,3577,40.26536080018451,44.219862954376474,14.073431985968583,9,1999,273,0.6816387600233341,0.6801338518023718,12.187885834168023,0.01167699603657013,10950,0.0,-2.1249289848818407,3.619812657077299,-1.289641057705902,22.564703,130.89069,8.73151,28.502051964898758,1482.566156431686,0.0048828125,0.0,70.9482421875,1528.8623046875,1489.40625,1661.595703125,1439.650390625,2.538519941946358,14.673986015718686,16.62815108713518,35.74760295993046,36.4306640625,215.0263671875,247.6875,568.5654296875,19.65625,126.4365234375,149.572265625,300.7958984375,1999-09-30,367.26
294,295,39.05,43.55,16.05,11.4,94425.0,-1332480.0,3577,41.10734049231887,44.661690012766925,12.836043213750273,10,1999,289,0.7401768531960371,0.7116055685391126,12.37346463171939,0.01144292012347492,10950,0.0,-2.1249289848818407,3.619812657077299,-1.289641057705902,22.564703,130.89069,8.73151,28.502051964898758,1482.566156431686,1.3984375,0.0,17.087890625,1535.9892578125,1530.333984375,1658.0947265625,1433.9697265625,2.1130119201234434,14.164910908437566,17.548906469250788,38.79082160516725,36.7744140625,223.7041015625,262.828125,572.3994140625,25.7783203125,146.8583984375,163.7763671875,339.5390625,1999-10-16,367.26
295,296,41.4,49.65,7.6,13.55,94425.0,-1332480.0,3577,42.30508021389742,44.68156812227351,11.69807854683841,10,1999,296,0.7401768531960371,0.7249480041597827,12.452443307067588,0.011142173430974012,10950,0.0,-2.1249289848818407,3.619812657077299,-1.289641057705902,22.564703,130.89069,8.73151,28.502051964898758,1482.566156431686,12.626953125,0.0048828125,4.8583984375,1497.4033203125,1581.1474609375,1651.3662109375,1438.7783203125,1.9793912814900807,14.493860667218346,16.27792282856101,39.71157698728286,34.8935546875,221.8837890625,260.478515625,587.5400390625,24.818359375,145.46875,172.63671875,353.7431640625,1999-10-23,367.26
296,297,51.95,40.15,6.55,14.35,94425.0,-1332480.0,3577,43.86197579509617,43.9623005477429,10.95572755417793,11,1999,313,0.793577803248942,0.7562315107864898,12.630502750385185,0.009702266667121151,10950,0.0,-2.1249289848818407,3.619812657077299,-1.289641057705902,22.564703,130.89069,8.73151,28.502051964898758,1482.566156431686,164.6044921875,0.005859375,0.1083984375,1418.2490234375,1655.3271484375,1617.96875,1463.1982421875,1.6480044124991975,9.022959060520801,13.803912285257324,36.405187330950824,36.0419921875,207.9931640625,255.5859375,589.0439453125,26.0556640625,146.35546875,172.5546875,390.9091796875,1999-11-09,367.26
297,298,54.05,36.9,7.75,13.4,94425.0,-1332480.0,3577,48.06305289137388,42.322234731206734,8.412448851456881,11,1999,321,0.793577803248942,0.7703896392969712,12.703310140021918,0.008587705509812693,10950,0.0,-2.1249289848818407,3.619812657077299,-1.289641057705902,22.564703,130.89069,8.73151,28.502051964898758,1482.566156431686,207.5517578125,1.6767578125,0.1083984375,1394.7978515625,1667.7822265625,1628.96484375,1436.93359375,1.93522475381799,12.821352641638615,10.95471483365431,32.41505009537856,36.7021484375,210.6025390625,245.884765625,579.9599609375,25.986328125,135.0361328125,171.9111328125,389.67578125,1999-11-17,367.26
298,299,31.6,50.9,16.8,6.1,94395.0,-1332495.0,3577,48.71363311610261,40.396025027597936,9.767637316242666,11,1999,328,0.793577803248942,0.7824746544232967,12.758613466675007,0.007349337464304995,10950,0.0,-2.1249289848818407,3.619812657077299,-1.289641057705902,22.564703,130.89069,8.73151,28.502051964898758,1482.566156431686,196.97265625,43.6669921875,0.1083984375,1348.1787109375,1646.2021484375,1628.150390625,1474.134765625,1.0952329917132981,8.548391574128335,14.756577395456606,28.596942261408646,32.671875,207.701171875,247.3046875,573.6767578125,24.0263671875,149.8466796875,161.0224609375,393.83984375,1999-11-24,367.26
299,300,57.05,29.9,11.8,17.4,94425.0,-1332480.0,3577,56.05124199844725,33.53350942143011,9.177676503062127,12,1999,337,0.8414709848078965,0.7975890542112029,12.81528783778757,0.005397650064200121,10950,0.0,-2.1249289848818407,3.619812657077299,-1.289641057705902,22.564703,130.89069,8.73151,28.502051964898758,1482.566156431686,181.8359375,107.34765625,0.1083984375,1311.5498046875,1626.1123046875,1684.8037109375,1383.35546875,1.3123047843086064,10.34727657766892,9.632058422881295,28.409855701387077,35.1494140625,213.638671875,239.943359375,561.9833984375,23.037109375,148.287109375,170.142578125,384.3759765625,1999-12-03,367.26
300,301,65.1,28.65,4.85,15.5,94425.0,-1332480.0,3577,62.287216653306416,28.29635627529942,8.078884582908145,12,1999,360,0.8414709848078965,0.8339908640186026,12.866470207660187,-0.0008668987664268712,10950,0.0,-2.1249289848818407,3.619812657077299,-1.289641057705902,22.564703,130.89069,8.73151,28.502051964898758,1482.566156431686,136.2353515625,252.419921875,0.0048828125,1116.4541015625,1581.380859375,1702.7431640625,1433.087890625,1.0600475631143773,6.762414066377951,12.128121107912955,27.306457385543844,33.048828125,202.89453125,250.212890625,564.087890625,24.2666015625,147.2333984375,179.1787109375,401.4375,1999-12-26,367.26
301,302,66.8,25.25,6.5,17.9,94425.0,-1332480.0,3577,63.803706510198516,24.959419991769202,9.904284569917769,1,2000,4,0.08323691620031025,0.010958684754597053,12.844871268942143,-0.003470634368394343,10950,0.0,-2.1249289848818407,3.619812657077299,-1.289641057705902,22.564703,130.89069,8.73151,28.502051964898758,1482.566156431686,258.5517578125,300.6123046875,0.0048828125,1075.1513671875,1509.544921875,1471.9267578125,1653.3330078125,1.4920150544816813,7.829200184595007,7.045548132162038,27.130018268952295,34.908203125,202.0517578125,232.8134765625,563.6728515625,24.4638671875,147.1162109375,168.9990234375,410.501953125,2000-01-04,368.42
302,303,66.05,23.7,8.8,19.35,94425.0,-1332480.0,3577,63.98101099106334,23.114129265983394,11.627273809779815,1,2000,12,0.08323691620031025,0.03287079002849224,12.807748753169902,-0.005515409783543035,10950,0.0,-2.1249289848818407,3.619812657077299,-1.289641057705902,22.564703,130.89069,8.73151,28.502051964898758,1482.566156431686,316.4501953125,311.9111328125,0.0087890625,973.6650390625,1533.935546875,1432.8349609375,1682.7568359375,0.9767182401238435,7.049564584231814,9.521587911094931,21.0874267701923,32.837890625,206.6591796875,238.048828125,549.8642578125,25.6142578125,150.552734375,171.0869140625,399.6826171875,2000-01-12,368.42
303,304,62.1,14.55,22.35,11.85,94425.0,-1332480.0,3577,63.91533915000451,21.34200350732539,13.551827274890268,1,2000,20,0.08323691620031025,0.054767105125277105,12.755457114563393,-0.007286206863808431,10950,0.0,-2.1249289848818407,3.619812657077299,-1.289641057705902,22.564703,130.89069,8.73151,28.502051964898758,1482.566156431686,394.8369140625,313.7353515625,12.27734375,903.8583984375,1546.37890625,1441.0849609375,1591.0322265625,1.1082096866149955,7.234003522894839,7.86702791863633,19.264022363360773,33.087890625,204.5380859375,239.0068359375,540.0498046875,25.154296875,148.3134765625,177.3271484375,390.1962890625,2000-01-20,368.42
304,305,82.2,16.0,0.3,17.85,94425.0,-1332480.0,3577,64.01124726665566,20.528354153583273,14.404009612676191,1,2000,27,0.08323691620031025,0.0739051588474336,12.699156584910849,-0.008574643107149171,10950,0.0,-2.1249289848818407,3.619812657077299,-1.289641057705902,22.564703,130.89069,8.73151,28.502051964898758,1482.566156431686,368.2646484375,369.1240234375,44.28515625,859.705078125,1386.845703125,1428.087890625,1729.755859375,1.478765448500732,4.913578162650149,8.342213209509834,20.08550214983507,35.087890625,189.02734375,237.6259765625,546.2431640625,25.3740234375,146.5146484375,173.4677734375,398.5244140625,2000-01-27,368.42
305,306,32.3333333333333,41.3333333333333,26.0,8.0,94415.0,-1332525.0,3577,60.9620919843739,23.372117098584184,14.742094438067465,2,2000,52,0.16589613269341502,0.14198431644722623,12.444082764309556,-0.011267022490816458,10950,0.0,-2.1249289848818407,3.619812657077299,-1.289641057705902,22.564703,130.89069,8.73151,28.502051964898758,1482.566156431686,354.4228515625,501.3955078125,239.41796875,537.8125,1425.8427734375,1438.7265625,1828.228515625,1.504142154105795,4.594192354357142,5.071007425131903,19.499829886416578,35.07421875,189.9638671875,220.96875,542.9423828125,26.0380859375,142.8173828125,169.146484375,401.5361328125,2000-02-21,368.42
306,307,57.55,20.9,20.7,16.7,94425.0,-1332480.0,3577,61.45532702590607,24.905222022555755,12.685842949618142,3,2000,84,0.24740395925452294,0.22811090035396392,12.069205372335526,-0.01175393103193123,10950,0.0,-2.1249289848818407,3.619812657077299,-1.289641057705902,22.564703,130.89069,8.73151,28.502051964898758,1482.566156431686,383.6708984375,744.8837890625,376.7880859375,226.22265625,1538.7490234375,1324.41015625,1859.44921875,1.6498405734188353,6.2379223606881755,7.088506716482763,11.865282058750154,34.583984375,195.1044921875,230.267578125,499.4248046875,23.6748046875,148.4990234375,173.3857421875,397.1611328125,2000-03-24,368.42
307,308,77.65,20.85,0.25,20.25,94425.0,-1332480.0,3577,63.59751239471652,27.342310939830064,8.000494706530663,4,2000,100,0.3271946967961522,0.27055800080379266,11.885013838265222,-0.011222760737432225,10950,0.0,-2.1249289848818407,3.619812657077299,-1.289641057705902,22.564703,130.89069,8.73151,28.502051964898758,1482.566156431686,236.4794921875,795.8525390625,567.1708984375,27.052734375,1673.025390625,1389.2265625,1778.994140625,1.2245356455937957,7.663469686304226,10.65243437633583,17.91358374670208,32.9716796875,202.791015625,243.4658203125,529.423828125,24.380859375,148.92578125,169.7900390625,395.048828125,2000-04-09,368.42
308,309,70.75,27.65,0.3,17.1,94425.0,-1332480.0,3577,65.26483939176462,29.711692538623083,3.8125776700074434,4,2000,107,0.3271946967961522,0.2889699253527544,11.8079717739263,-0.010827877063466218,10950,0.0,-2.1249289848818407,3.619812657077299,-1.289641057705902,22.564703,130.89069,8.73151,28.502051964898758,1482.566156431686,238.052734375,798.4697265625,655.4296875,18.7646484375,1682.9833984375,1389.212890625,1675.42578125,1.3392257923044892,6.6216429225053,8.888005331898022,21.477511406555145,34.4619140625,199.431640625,235.7626953125,542.6220703125,24.12109375,146.9052734375,173.306640625,391.453125,2000-04-16,368.42
309,310,66.5,32.15,0.0,19.1,94425.0,-1332480.0,3577,65.70253740067,31.593406438757754,1.3712669683255871,5,2000,123,0.40471456356112473,0.33064440357052394,11.645403546056677,-0.009461121114513915,10950,0.0,-2.1249289848818407,3.619812657077299,-1.289641057705902,22.564703,130.89069,8.73151,28.502051964898758,1482.566156431686,210.396484375,733.7958984375,662.45703125,134.4892578125,1602.9541015625,1486.2119140625,1668.5322265625,1.9861090724342656,8.552090006228456,8.515409560780327,19.256776947097983,34.7890625,199.302734375,235.9736328125,536.4501953125,24.736328125,143.24609375,173.7275390625,394.42578125,2000-05-02,368.42
310,311,54.2,40.95,3.35,16.8,94425.0,-1332480.0,3577,64.63680638246237,33.0745199073323,0.8924137781721588,5,2000,132,0.40471456356112473,0.35381221715747047,11.565602317065773,-0.008351443977447914,10950,0.0,-2.1249289848818407,3.619812657077299,-1.289641057705902,22.564703,130.89069,8.73151,28.502051964898758,1482.566156431686,124.3310546875,708.6650390625,710.134765625,209.3369140625,1602.587890625,1486.572265625,1662.1953125,1.1638987173466628,10.32505959020336,11.989326985337748,18.998706750255018,31.7890625,190.6748046875,237.1943359375,533.4716796875,22.2763671875,129.2568359375,167.703125,393.5068359375,2000-05-11,368.42
311,312,63.6,33.95,1.1,18.7,94425.0,-1332480.0,3577,62.721762035684556,36.0893722892121,0.0,5,2000,139,0.40471456356112473,0.37168363004143945,11.51126358030169,-0.007296593703253862,10950,0.0,-2.1249289848818407,3.619812657077299,-1.289641057705902,22.564703,130.89069,8.73151,28.502051964898758,1482.566156431686,80.8125,612.26171875,867.953125,213.826171875,1602.365234375,1486.794921875,1661.5439453125,1.600827077439484,9.324612331819797,11.488958307550023,22.61192203903585,31.7587890625,193.7041015625,222.4638671875,535.6025390625,19.99609375,142.70703125,151.533203125,388.4423828125,2000-05-18,368.42
312,313,61.05,36.2,1.4,18.35,94425.0,-1332480.0,3577,53.681453376337,41.13294723851385,3.851383446274509,5,2000,148,0.40471456356112473,0.39445938059939806,11.453419404329924,-0.005690896460825101,10950,0.0,-2.1249289848818407,3.619812657077299,-1.289641057705902,22.564703,130.89069,8.73151,28.502051964898758,1482.566156431686,49.162109375,586.810546875,897.01171875,257.314453125,1602.365234375,1486.794921875,1661.5439453125,1.5811320200272712,9.051220238966714,11.684571264077332,26.086511787385966,34.779296875,199.705078125,225.453125,523.2265625,23.416015625,138.6455078125,157.1826171875,367.6181640625,2000-05-27,368.42
313,314,46.4,43.2,9.15,19.7,94425.0,-1332480.0,3577,50.53944229144713,41.96856935633399,6.152945506504958,6,2000,155,0.479425538604203,0.41200875800437725,11.41921133467746,-0.004263414454134917,10950,0.0,-2.1249289848818407,3.619812657077299,-1.289641057705902,22.564703,130.89069,8.73151,28.502051964898758,1482.566156431686,46.3798828125,402.3896484375,1038.453125,303.076171875,1602.35546875,1486.7734375,1661.5751953125,1.618140391760948,10.37072254142545,10.632352258993985,25.781756066125553,26.529296875,175.07421875,234.484375,511.4853515625,12.9482421875,119.0078125,162.0615234375,357.09765625,2000-06-03,368.42
314,315,48.55,43.8,6.35,18.4,94425.0,-1332480.0,3577,49.13578774166275,43.21124618414995,6.288566541816376,6,2000,164,0.479425538604203,0.43434868754085926,11.39079146541187,-0.0022485787336279373,10950,0.0,-2.1249289848818407,3.619812657077299,-1.289641057705902,22.564703,130.89069,8.73151,28.502051964898758,1482.566156431686,35.279296875,354.6435546875,1087.853515625,312.427734375,1602.4638671875,1486.7734375,1661.5751953125,1.3414539367552085,9.129411845181572,11.856155469096041,25.358829015632168,26.138671875,171.59375,191.4638671875,524.525390625,16.8681640625,117.998046875,114.0498046875,365.1962890625,2000-06-12,368.42
315,316,46.95,46.8,4.8,18.25,94425.0,-1332480.0,3577,47.005213362481875,44.76497001449893,6.885377470825359,6,2000,171,0.479425538604203,0.45154231266253464,11.381633931386737,-0.0005967060320735129,10950,0.0,-2.1249289848818407,3.619812657077299,-1.289641057705902,22.564703,130.89069,8.73151,28.502051964898758,1482.566156431686,15.47265625,289.6953125,1143.71484375,341.3349609375,1602.4638671875,1486.7734375,1661.5751953125,1.6440418486762605,7.521552435903019,10.47086578193678,25.53041322065088,31.6689453125,169.36328125,197.732421875,490.5361328125,18.5283203125,115.3583984375,134.8662109375,322.0634765625,2000-06-19,368.42
316,317,44.95,45.6,8.1,15.4,94425.0,-1332480.0,3577,45.307455238253425,46.35173309661781,7.022155708067971,7,2000,187,0.5508090958869698,0.4902083400321613,11.404254017494043,0.00314897511793788,10950,0.0,-2.1249289848818407,3.619812657077299,-1.289641057705902,22.564703,130.89069,8.73151,28.502051964898758,1482.566156431686,0.02734375,228.115234375,1001.462890625,560.6123046875,1602.4501953125,1486.787109375,1661.5751953125,1.6157158601690045,10.124896332531183,11.938264864082944,22.810793208570786,31.6513671875,177.1708984375,224.0224609375,464.04296875,21.1376953125,115.7470703125,133.587890625,308.6298828125,2000-07-05,368.42
317,318,44.35,46.85,7.45,15.9,94425.0,-1332480.0,3577,43.77665894476387,47.62607655501681,7.3002262443428005,7,2000,196,0.5508090958869698,0.5115487853005207,11.442292311043873,0.005056836823927213,10950,0.0,-2.1249289848818407,3.619812657077299,-1.289641057705902,22.564703,130.89069,8.73151,28.502051964898758,1482.566156431686,0.013671875,117.8125,1030.228515625,642.1630859375,1602.4501953125,1486.787109375,1661.5751953125,1.8668863406302787,9.86770887134621,11.36977499179979,24.977684942445922,32.5908203125,194.6064453125,209.6064453125,497.4931640625,14.998046875,103.5078125,138.1953125,312.390625,2000-07-14,368.42
318,319,44.95,47.15,6.6,15.5,94425.0,-1332480.0,3577,44.53664725366846,46.976406720207756,7.219984195370115,7,2000,203,0.5508090958869698,0.527932552869423,11.483053921030093,0.0063749792351028844,10950,0.0,-2.1249289848818407,3.619812657077299,-1.289641057705902,22.564703,130.89069,8.73151,28.502051964898758,1482.566156431686,0.0,90.6796875,946.4892578125,753.048828125,1602.4501953125,1486.787109375,1661.5751953125,1.714794257190881,10.444712657861,11.734595211976488,26.710213228137086,30.62109375,186.6552734375,227.197265625,495.306640625,14.73828125,86.9365234375,118.505859375,308.5087890625,2000-07-21,368.42
319,320,44.25,48.05,6.6,14.8,94425.0,-1332480.0,3577,44.5685693563336,47.453895949244895,6.725294983653112,7,2000,212,0.5508090958869698,0.5487112551538731,11.547887877596327,0.007824995093328013,10950,0.0,-2.1249289848818407,3.619812657077299,-1.289641057705902,22.564703,130.89069,8.73151,28.502051964898758,1482.566156431686,0.0,49.1875,949.2138671875,791.81640625,1602.44921875,1486.7880859375,1661.5751953125,1.766898935678546,10.351642463211432,11.477031216399421,26.737439871684863,29.80078125,184.615234375,215.8369140625,500.10546875,17.6083984375,110.1572265625,103.2763671875,287.236328125,2000-07-30,368.42
320,321,43.45,48.9,6.5,14.6,94425.0,-1332480.0,3577,42.76040074475968,49.15761761457622,6.826194548484549,8,2000,219,0.618369803069737,0.5646424733950354,11.60649356530392,0.00875886170957152,10950,0.0,-2.1249289848818407,3.619812657077299,-1.289641057705902,22.564703,130.89069,8.73151,28.502051964898758,1482.566156431686,0.0,46.3125,856.560546875,887.3447265625,1602.44921875,1486.7880859375,1661.5751953125,1.9250270866276356,12.010310013995971,12.118541398889978,26.844696096284498,33.7685546875,195.927734375,214.416015625,506.3359375,19.716796875,110.6142578125,127.765625,252.3173828125,2000-08-06,368.42
321,322,41.3,50.1,7.25,13.5,94425.0,-1332480.0,3577,41.84985277879389,50.85005520794235,6.073288012296393,8,2000,228,0.618369803069737,0.5848195115392493,11.690340688683813,0.009725102150222042,10950,0.0,-2.1249289848818407,3.619812657077299,-1.289641057705902,22.564703,130.89069,8.73151,28.502051964898758,1482.566156431686,0.0,15.47265625,718.0537109375,1056.69140625,1602.44921875,1486.7880859375,1661.5751953125,2.036690512178712,11.295043814281616,14.420165513674299,27.02155826366856,33.548828125,198.8232421875,232.15234375,494.9951171875,18.876953125,112.51171875,131.7587890625,269.0478515625,2000-08-15,368.42
322,323,40.8,51.15,6.7,12.95,94425.0,-1332480.0,3577,39.96771850439983,53.17740912337641,5.589659875727152,8,2000,235,0.618369803069737,0.6002675725424578,11.76084500299932,0.010313301594630175,10950,0.0,-2.1249289848818407,3.619812657077299,-1.289641057705902,22.564703,130.89069,8.73151,28.502051964898758,1482.566156431686,0.0,15.47265625,651.5302734375,1123.21484375,1602.4267578125,1486.7900390625,1661.595703125,2.0028234111342673,11.171352723561512,13.331734326460328,29.964692560943433,34.5791015625,198.8046875,232.3720703125,511.310546875,18.8271484375,107.8525390625,131.388671875,297.5302734375,2000-08-22,368.42
323,324,39.05,55.4,4.2,12.5,94425.0,-1332480.0,3577,38.92789733485746,54.08797440948335,5.670717053843141,8,2000,244,0.618369803069737,0.6198041813394971,11.856685595317774,0.010889774288349585,10950,0.0,-2.1249289848818407,3.619812657077299,-1.289641057705902,22.564703,130.89069,8.73151,28.502051964898758,1482.566156431686,0.0,0.02734375,470.896484375,1319.2939453125,1602.4267578125,1486.7900390625,1661.595703125,1.9575328517734667,12.301477005324763,12.88234755558123,31.953031756904956,35.8388671875,209.57421875,237.783203125,528.54296875,22.27734375,116.0419921875,130.7900390625,296.4814453125,2000-08-31,368.42
324,325,38.5,57.15,3.1,12.55,94425.0,-1332480.0,3577,38.6429723527189,54.51085106842807,5.5063716469281,9,2000,251,0.6816387600233341,0.6347394054621148,11.934282750456918,0.011218121032861461,10950,0.0,-2.1249289848818407,3.619812657077299,-1.289641057705902,22.564703,130.89069,8.73151,28.502051964898758,1482.566156431686,0.0,0.02734375,413.8671875,1376.3232421875,1602.4013671875,1486.8154296875,1661.595703125,1.9965130168497534,13.061741370473055,14.25900985709823,30.41521379881189,35.87109375,219.984375,245.4130859375,534.173828125,22.4658203125,133.8369140625,138.3193359375,295.5126953125,2000-09-07,368.42
325,326,38.4,53.2,7.15,11.85,94425.0,-1332480.0,3577,39.40081079910213,53.99685206433625,5.266800536923588,9,2000,260,0.6816387600233341,0.6535980501322224,12.036793929037703,0.011506565193720064,10950,0.0,-2.1249289848818407,3.619812657077299,-1.289641057705902,22.564703,130.89069,8.73151,28.502051964898758,1482.566156431686,0.7041015625,0.0,322.3173828125,1467.900390625,1602.318359375,1486.8984375,1661.595703125,2.927578341057995,16.755720905646225,15.359666336536554,30.82609271531576,36.44140625,215.0556640625,256.2978515625,554.736328125,19.166015625,121.5263671875,159.58203125,312.662109375,2000-09-16,368.42
326,327,42.45,50.7,5.6,12.15,94425.0,-1332480.0,3577,41.540810582600045,52.470666175921494,4.710474355365292,9,2000,267,0.6816387600233341,0.6679917430213101,12.1178991757667,0.011634510578284463,10950,0.0,-2.1249289848818407,3.619812657077299,-1.289641057705902,22.564703,130.89069,8.73151,28.502051964898758,1482.566156431686,0.7041015625,0.0,284.8642578125,1505.3486328125,1602.130859375,1487.0908203125,1661.595703125,2.438440368943192,14.618767485966861,19.68329924670422,33.30341149627108,37.291015625,213.166015625,251.4970703125,573.2509765625,23.736328125,121.5546875,140.6923828125,341.4541015625,2000-09-23,368.42
327,328,45.25,47.95,5.2,11.6,94425.0,-1332480.0,3577,46.58584836215719,47.736710039179684,4.412974950745189,10,2000,276,0.7401768531960371,0.6861361913257407,12.222914124281097,0.011673766797985152,10950,0.0,-2.1249289848818407,3.619812657077299,-1.289641057705902,22.564703,130.89069,8.73151,28.502051964898758,1482.566156431686,0.7060546875,0.0,233.3984375,1556.814453125,1599.8154296875,1486.294921875,1664.70703125,2.3549585596995195,13.733373251672438,16.531436701919525,40.424471268006556,37.6435546875,219.17578125,252.3564453125,579.697265625,23.7783203125,134.4345703125,153.171875,338.8759765625,2000-10-02,368.42
328,329,53.55,42.1,3.2,14.35,94425.0,-1332480.0,3577,55.51911927081376,38.87277273809201,4.206671501872111,10,2000,299,0.7401768531960371,0.7305848530682543,12.48552638350521,0.010967139911665313,10950,0.0,-2.1249289848818407,3.619812657077299,-1.289641057705902,22.564703,130.89069,8.73151,28.502051964898758,1482.566156431686,36.6650390625,0.7041015625,49.189453125,1696.9560546875,1527.0263671875,1600.455078125,1645.9990234375,2.073229684168517,9.903161597579247,15.166395617413624,38.39308037291226,35.734375,194.763671875,258.8671875,596.5947265625,23.0283203125,137.677734375,175.025390625,374.1044921875,2000-10-25,368.42
329,330,53.5,42.7,2.65,14.4,94425.0,-1332480.0,3577,57.75454653704564,37.321084024329224,3.5733399727202437,11,2000,308,0.793577803248942,0.7471977675094822,12.58085836645246,0.010246598724865663,10950,0.0,-2.1249289848818407,3.619812657077299,-1.289641057705902,22.564703,130.89069,8.73151,28.502051964898758,1482.566156431686,65.3994140625,0.7060546875,46.3125,1609.5244140625,1569.16015625,1646.470703125,1647.8154296875,1.8887605536798442,11.983329524256826,12.483826130403681,36.83741618392794,36.5615234375,220.3818359375,233.0078125,594.4228515625,25.4560546875,150.5166015625,159.3955078125,394.3583984375,2000-11-03,368.42
330,331,60.75,35.6,2.35,13.95,94425.0,-1332480.0,3577,55.62800666824603,40.56740132931478,2.6234947714819956,11,2000,315,0.793577803248942,0.7598053683187144,12.64953522822113,0.009452663188943333,10950,0.0,-2.1249289848818407,3.619812657077299,-1.289641057705902,22.564703,130.89069,8.73151,28.502051964898758,1482.566156431686,88.3994140625,0.7060546875,35.29296875,1548.328125,1624.8828125,1651.8798828125,1621.4873046875,1.9464269926581157,11.758546416443975,13.87209007793667,31.712100747217196,36.6220703125,220.310546875,256.943359375,563.7529296875,24.935546875,150.2373046875,175.97265625,384.3974609375,2000-11-10,368.42
331,332,63.25,33.4,2.1,14.25,94425.0,-1332480.0,3577,52.87171079693509,44.616358873318156,1.4795449132908218,11,2000,324,0.793577803248942,0.7756038877273475,12.72808321413602,0.008087595247314283,10950,0.0,-2.1249289848818407,3.619812657077299,-1.289641057705902,22.564703,130.89069,8.73151,28.502051964898758,1482.566156431686,115.060546875,24.5,15.47265625,1561.02734375,1594.9140625,1677.408203125,1585.8583984375,1.3947051450787882,10.528666779832554,13.205755859734143,31.28369585711793,34.662109375,215.2529296875,253.2333984375,567.0546875,23.486328125,143.5751953125,174.302734375,387.7607421875,2000-11-19,368.42
332,333,56.7,38.95,3.15,15.65,94425.0,-1332480.0,3577,49.5063705644127,48.219603152258486,1.3879202840501068,11,2000,331,0.793577803248942,0.7875661047787841,12.779457711681347,0.006742443139668097,10950,0.0,-2.1249289848818407,3.619812657077299,-1.289641057705902,22.564703,130.89069,8.73151,28.502051964898758,1482.566156431686,131.4736328125,37.369140625,0.02734375,1532.984375,1604.693359375,1628.83203125,1646.3203125,1.9857475783908403,10.496881745803437,11.923371924911342,32.00562558644839,37.662109375,216.0517578125,249.9150390625,587.2802734375,25.166015625,151.4267578125,167.0615234375,402.66796875,2000-11-26,368.42
333,334,37.1,62.25,0.0,4.75,94425.0,-1332480.0,3577,48.67712875359207,49.583989694508595,0.9108045205567061,12,2000,340,0.8414709848078965,0.8025198761927164,12.830023271659366,0.004664708576012089,10950,0.0,-2.1249289848818407,3.619812657077299,-1.289641057705902,22.564703,130.89069,8.73151,28.502051964898758,1482.566156431686,217.5693359375,68.5126953125,0.02734375,1487.22265625,1589.5537109375,1631.0771484375,1691.1376953125,0.4778025488048139,5.543338279211972,12.235641738622475,28.603317296456645,29.4892578125,192.72265625,253.1640625,575.9326171875,24.357421875,150.560546875,174.7724609375,390.38671875,2000-12-05,368.42
334,335,24.0,76.0,0.0,5.5,94470.0,-1332525.0,3577,50.860348784334995,47.356000346395746,0.940223862824342,12,2000,356,0.8414709848078965,0.8278940204661639,12.868213399753095,0.00028325118690730733,10950,0.0,-2.1249289848818407,3.619812657077299,-1.289641057705902,22.564703,130.89069,8.73151,28.502051964898758,1482.566156431686,259.3330078125,145.84765625,0.7041015625,1448.8828125,1511.140625,1657.2431640625,1582.58203125,1.216705037284037,7.892027396852779,7.824869205123166,19.631656538780618,34.048828125,204.3037109375,234.021484375,537.3037109375,26.70703125,154.4814453125,174.568359375,398.404296875,2000-12-21,368.42
335,336,71.1,26.6,0.95,18.25,94425.0,-1332480.0,3577,55.10298447681525,42.742118253257374,1.2128006668252538,12,2000,363,0.8414709848078965,0.8384978067456823,12.862154838449003,-0.0017231461922850855,10950,0.0,-2.1249289848818407,3.619812657077299,-1.289641057705902,22.564703,130.89069,8.73151,28.502051964898758,1482.566156431686,240.11328125,211.98828125,0.705078125,1371.3115234375,1511.4091796875,1574.7626953125,1634.60546875,0.8944833634902571,6.024458191475871,9.108732434136815,15.220884005281306,34.048828125,198.1142578125,238.3525390625,518.1611328125,25.27734375,151.53125,181.1884765625,398.2001953125,2000-12-28,368.42
336,337,72.7,24.65,1.2,17.85,94425.0,-1332480.0,3577,60.878149559409806,36.346769793668386,1.6678711381495268,1,2001,13,0.08323691620031025,0.035608908742956004,12.801995668844032,-0.005753084325869295,10950,0.0,-2.1249289848818407,3.619812657077299,-1.289641057705902,22.564703,130.89069,8.73151,28.502051964898758,1482.566156431686,340.97265625,390.7041015625,0.7060546875,1161.07421875,1577.4296875,1550.888671875,1425.0625,1.2898190119686197,5.041984230482077,9.626308472787327,19.65676239778757,34.0078125,186.078125,241.6083984375,541.703125,24.3837890625,146.025390625,172.212890625,405.931640625,2001-01-13,370.02
337,338,68.05,27.1,3.7,19.3,94425.0,-1332480.0,3577,68.526989109951,28.040174067414462,2.124543722531021,1,2001,22,0.08323691620031025,0.06023748382552683,12.740291624763522,-0.007679899817611968,10950,0.0,-2.1249289848818407,3.619812657077299,-1.289641057705902,22.564703,130.89069,8.73151,28.502051964898758,1482.566156431686,477.0693359375,371.96484375,37.369140625,1037.1689453125,1621.1630859375,1540.69921875,1388.109375,1.1869302147429381,6.053364300263185,6.131140417223367,19.633366469264146,33.8984375,199.5771484375,220.455078125,541.376953125,26.853515625,148.4638671875,168.8076171875,395.1005859375,2001-01-22,370.02
338,339,75.4,21.7,1.35,15.9,94425.0,-1332480.0,3577,74.65273008723905,21.593753924091256,2.289549459827755,3,2001,70,0.24740395925452294,0.19060736925090618,12.23466926786901,-0.011826367465094023,10950,0.0,-2.1249289848818407,3.619812657077299,-1.289641057705902,22.564703,130.89069,8.73151,28.502051964898758,1482.566156431686,489.43359375,765.1083984375,365.71875,414.5986328125,1793.009765625,1412.4189453125,1271.71484375,1.1277563459086746,6.350902455870616,5.023032412737496,11.879452233201661,34.75390625,202.7431640625,222.9169921875,509.0234375,24.1845703125,151.25,172.7568359375,388.7265625,2001-03-11,370.02
339,340,69.05,25.65,3.85,15.85,94425.0,-1332480.0,3577,76.21528935459686,20.05467968563644,2.19067310398547,4,2001,93,0.3271946967961522,0.2520465683868774,11.964505035659762,-0.011514882504746637,10950,0.0,-2.1249289848818407,3.619812657077299,-1.289641057705902,22.564703,130.89069,8.73151,28.502051964898758,1482.566156431686,296.9375,1103.24609375,456.271484375,248.916015625,1599.50390625,1707.38671875,1324.416015625,1.0598350436590622,7.7342566834534985,7.6129475418839805,16.54807053525928,32.841796875,203.6708984375,234.9970703125,537.443359375,24.021484375,145.7265625,174.865234375,396.98828125,2001-04-03,370.02
340,341,68.4,28.95,1.05,17.9,94425.0,-1332480.0,3577,71.81829656410628,24.791186213163925,1.936052956331304,4,2001,102,0.3271946967961522,0.27582900138378863,11.862719962145935,-0.011120955353042916,10950,0.0,-2.1249289848818407,3.619812657077299,-1.289641057705902,22.564703,130.89069,8.73151,28.502051964898758,1482.566156431686,247.7470703125,895.693359375,731.6767578125,152.146484375,1655.8759765625,1682.9736328125,1389.2265625,2.1185445181731746,8.228307073959538,8.46628829557856,16.754976187767987,34.7119140625,200.6123046875,235.7890625,531.482421875,21.970703125,145.92578125,168.419921875,397.6796875,2001-04-12,370.02
341,342,74.0,24.85,0.05,19.8,94425.0,-1332480.0,3577,67.13197189806095,30.831113468570155,0.7229686721945698,4,2001,109,0.3271946967961522,0.294211249673108,11.786515123495283,-0.010694334631603297,10950,0.0,-2.1249289848818407,3.619812657077299,-1.289641057705902,22.564703,130.89069,8.73151,28.502051964898758,1482.566156431686,198.111328125,814.396484375,848.6015625,125.552734375,1711.693359375,1632.6552734375,1439.541015625,0.9789790688274644,8.681968874464891,10.346851592132712,18.739290348035425,30.7822265625,196.6318359375,235.32421875,537.0634765625,24.53125,139.515625,167.896484375,392.7255859375,2001-04-19,370.02
342,343,67.95,30.4,0.25,18.35,94425.0,-1332480.0,3577,67.45130983566509,31.411002619666654,0.0,4,2001,118,0.3271946967961522,0.317685628932238,11.693748461343617,-0.0099656002506876,10950,0.0,-2.1249289848818407,3.619812657077299,-1.289641057705902,22.564703,130.89069,8.73151,28.502051964898758,1482.566156431686,166.8212890625,797.310546875,888.8271484375,97.623046875,1741.13671875,1602.9814453125,1486.1845703125,1.5545192762899966,10.933760610334966,8.96864030705265,22.455071428667694,34.431640625,205.6513671875,225.083984375,539.9970703125,23.12109375,138.24609375,168.4873046875,378.587890625,2001-04-28,370.02
343,344,61.4,36.85,0.4,16.2,94425.0,-1332480.0,3577,64.30672670981308,34.52240143756656,0.0,5,2001,134,0.40471456356112473,0.3589319018261088,11.549323535842133,-0.008067547399484454,10950,0.0,-2.1249289848818407,3.619812657077299,-1.289641057705902,22.564703,130.89069,8.73151,28.502051964898758,1482.566156431686,35.4619140625,668.5732421875,1091.6455078125,150.8974609375,1755.033203125,1602.578125,1486.58203125,1.5426759741330573,11.289877652370436,11.728848669777683,24.89125744942507,32.6494140625,195.5537109375,236.8662109375,534.720703125,20.9560546875,117.9052734375,163.4072265625,379.056640625,2001-05-14,370.02
344,345,58.45,38.55,1.65,17.8,94425.0,-1332480.0,3577,59.515585962016694,37.90934746367616,1.2617928511115484,5,2001,141,0.40471456356112473,0.3767649259398519,11.497168005104166,-0.006963689677132123,10950,0.0,-2.1249289848818407,3.619812657077299,-1.289641057705902,22.564703,130.89069,8.73151,28.502051964898758,1482.566156431686,20.0615234375,504.6396484375,1236.744140625,165.3125,1774.853515625,1602.365234375,1486.794921875,1.750861195365819,10.4834312316509,12.832553626503493,27.651465812150104,29.779296875,196.4541015625,228.203125,546.5029296875,16.2255859375,130.35546875,138.861328125,373.9765625,2001-05-21,370.02
345,346,56.35,40.4,1.95,16.7,94425.0,-1332480.0,3577,55.05188464785166,40.187112732462765,3.4092413778167208,5,2001,150,0.40471456356112473,0.39948857551559425,11.442625626536037,-0.005297847644733622,10950,0.0,-2.1249289848818407,3.619812657077299,-1.289641057705902,22.564703,130.89069,8.73151,28.502051964898758,1482.566156431686,0.0,401.763671875,1272.970703125,236.578125,1790.298828125,1602.35546875,1486.7734375,1.816396857630589,10.565354405607327,13.161031825197925,27.414154405842922,31.5986328125,192.5341796875,221.4638671875,532.3671875,15.916015625,110.974609375,138.7919921875,347.2802734375,2001-05-30,370.02
346,347,54.35,42.1,2.15,16.15,94425.0,-1332480.0,3577,49.71904024767059,43.032503409896364,5.881793284114387,6,2001,157,0.479425538604203,0.41699531437359943,11.411332173056012,-0.0038308074762340993,10950,0.0,-2.1249289848818407,3.619812657077299,-1.289641057705902,22.564703,130.89069,8.73151,28.502051964898758,1482.566156431686,0.0,341.9599609375,1224.982421875,344.3701171875,1790.298828125,1602.35546875,1486.7734375,1.4224818946640176,10.498717000945252,12.381751263237916,28.846337561263162,32.619140625,192.8642578125,224.1328125,516.96484375,21.068359375,120.3447265625,126.890625,322.6650390625,2001-06-06,370.02
347,348,42.6,43.85,12.15,18.45,94425.0,-1332480.0,3577,45.896745978472865,44.79263894000067,7.954083223277081,6,2001,166,0.479425538604203,0.43927773034583373,11.386994324748727,-0.0017814725844917945,10950,0.0,-2.1249289848818407,3.619812657077299,-1.289641057705902,22.564703,130.89069,8.73151,28.502051964898758,1482.566156431686,0.0,256.611328125,1256.8466796875,397.8408203125,1790.2041015625,1602.4638671875,1486.7734375,1.8908386212280477,10.379529791941728,11.24386532908683,29.462029530389387,32.46875,200.25390625,228.3828125,507.9853515625,21.9384765625,139.478515625,148.7978515625,301.82421875,2001-06-15,370.02
348,349,41.0,46.1,11.55,15.3,94425.0,-1332480.0,3577,44.00993093593055,44.99466431400744,9.657259304161887,7,2001,182,0.5508090958869698,0.47822292126032895,11.390770301593188,0.0020093910078209376,10950,0.0,-2.1249289848818407,3.619812657077299,-1.289641057705902,22.564703,130.89069,8.73151,28.502051964898758,1482.566156431686,0.0009765625,104.8505859375,1350.408203125,456.0263671875,1790.2177734375,1602.4501953125,1486.787109375,1.8744072138162111,11.941122343234644,13.980508650178159,26.878712380130427,29.609375,191.6435546875,213.22265625,523.4130859375,15.6083984375,121.837890625,148.60546875,350.140625,2001-07-01,370.02
349,350,41.8,46.5,10.4,15.0,94425.0,-1332480.0,3577,41.80347052327851,46.5839583017532,10.259012968454162,7,2001,189,0.5508090958869698,0.49497687645016214,11.41121583941613,0.0035908035021403606,10950,0.0,-2.1249289848818407,3.619812657077299,-1.289641057705902,22.564703,130.89069,8.73151,28.502051964898758,1482.566156431686,0.0009765625,36.8466796875,1264.958984375,609.4794921875,1790.2177734375,1602.4501953125,1486.787109375,1.8786876279736882,10.641434205625533,13.815529557050855,29.615355701221752,31.9306640625,186.1357421875,221.2529296875,508.2529296875,19.84765625,120.84765625,137.4462890625,349.9482421875,2001-07-08,370.02
350,351,42.5,47.0,9.15,13.7,94425.0,-1332480.0,3577,41.282234947708645,46.32161228863323,10.984473575958006,8,2001,214,0.618369803069737,0.5532838822146887,11.56396544156021,0.008108890438775163,10950,0.0,-2.1249289848818407,3.619812657077299,-1.289641057705902,22.564703,130.89069,8.73151,28.502051964898758,1482.566156431686,0.05078125,0.0009765625,863.8271484375,1047.4580078125,1790.2177734375,1602.44921875,1486.7880859375,1.9097662656313759,12.710032313314427,13.775426502641846,28.670142445337696,31.298828125,180.17578125,226.9375,517.806640625,13.9365234375,100.2763671875,130.3076171875,326.90625,2001-08-02,370.02
351,352,41.9,48.15,8.6,13.75,94425.0,-1332480.0,3577,40.583943146630574,47.117034358822984,10.905270735454867,8,2001,221,0.618369803069737,0.5691563611926911,11.624367971779634,0.00899556524061218,10950,0.0,-2.1249289848818407,3.619812657077299,-1.289641057705902,22.564703,130.89069,8.73151,28.502051964898758,1482.566156431686,0.05078125,0.0009765625,774.7548828125,1136.5302734375,1790.2177734375,1602.44921875,1486.7880859375,2.073522653838021,11.400453482730558,14.619798578945803,29.283498719711723,34.458984375,198.4443359375,211.474609375,520.267578125,18.4072265625,94.1328125,114.212890625,313.119140625,2001-08-09,370.02
352,353,41.3,46.4,10.9,11.7,94425.0,-1332480.0,3577,39.81671610123027,48.78606811144782,10.053972807376878,8,2001,230,0.618369803069737,0.5892554411139688,11.710064893927553,0.009906824107533296,10950,0.0,-2.1249289848818407,3.619812657077299,-1.289641057705902,22.564703,130.89069,8.73151,28.502051964898758,1482.566156431686,0.0,0.0517578125,531.892578125,1379.392578125,1790.2177734375,1602.44921875,1486.7841796875,1.9285281362552775,12.231630097065043,14.675263591620508,31.896722378273793,32.1787109375,198.9736328125,233.642578125,502.560546875,18.5771484375,110.2119140625,120.609375,272.875,2001-08-18,370.02
353,354,39.25,50.65,8.6,12.45,94425.0,-1332480.0,3577,40.35867955573234,50.770068631051764,7.592488471279907,8,2001,237,0.618369803069737,0.6046410009470569,11.781689654639067,0.010457841591774653,10950,0.0,-2.1249289848818407,3.619812657077299,-1.289641057705902,22.564703,130.89069,8.73151,28.502051964898758,1482.566156431686,0.0,0.0517578125,431.39453125,1479.890625,1790.2177734375,1602.4267578125,1486.7900390625,2.2094211962417876,12.095175323215742,14.16015823332032,32.796559467252465,32.71875,188.3837890625,231.15234375,509.265625,15.0166015625,97.65234375,128.7890625,263.1767578125,2001-08-25,370.02
354,355,38.75,51.85,8.3,11.35,94425.0,-1332480.0,3577,39.4569107363166,52.39368680853966,6.956939964059667,9,2001,246,0.6816387600233341,0.6240948908825068,11.878621854031948,0.01099355850900885,10950,0.0,-2.1249289848818407,3.619812657077299,-1.289641057705902,22.564703,130.89069,8.73151,28.502051964898758,1482.566156431686,0.0,0.0517578125,346.4580078125,1564.8271484375,1790.2177734375,1602.4267578125,1486.7900390625,2.177078974453652,12.329376749754775,13.045275361532806,33.183915501711994,34.55078125,201.7451171875,223.302734375,530.1826171875,19.765625,106.560546875,115.4677734375,286.6533203125,2001-09-03,370.02
355,356,40.95,49.25,8.6,12.3,94425.0,-1332480.0,3577,39.678782827074116,53.55397713740567,5.639360020783327,9,2001,253,0.6816387600233341,0.6389639720086414,11.956834748616279,0.011294679375179584,10950,0.0,-2.1249289848818407,3.619812657077299,-1.289641057705902,22.564703,130.89069,8.73151,28.502051964898758,1482.566156431686,0.0,0.0517578125,283.208984375,1627.3720703125,1790.921875,1602.4013671875,1486.8154296875,1.951522081344878,12.332455355692163,14.506455724208427,31.553927271624286,35.37109375,212.1953125,236.2958984375,519.8427734375,21.015625,122.775390625,126.326171875,281.51171875,2001-09-10,370.02
356,357,36.5,62.4,0.35,10.65,94425.0,-1332480.0,3577,39.97280521335651,52.89463833379452,6.034275476844234,10,2001,278,0.7401768531960371,0.6901120250244518,12.246245008084735,0.011662010485347096,10950,0.0,-2.1249289848818407,3.619812657077299,-1.289641057705902,22.564703,130.89069,8.73151,28.502051964898758,1482.566156431686,0.0009765625,0.05078125,36.84765625,1873.732421875,1790.9189453125,1599.77734375,1484.90625,2.2806599543800186,13.421058941548303,16.954855737041576,36.99409808383311,36.7138671875,217.6162109375,257.046875,584.275390625,20.6982421875,133.701171875,152.5029296875,338.9150390625,2001-10-05,370.02
357,358,49.2,47.15,2.35,13.4,94425.0,-1332480.0,3577,46.17095087574274,49.184944467290066,3.457306934551001,10,2001,294,0.7401768531960371,0.7211628737419908,12.430107096575798,0.011242800542161646,10950,0.0,-2.1249289848818407,3.619812657077299,-1.289641057705902,22.564703,130.89069,8.73151,28.502051964898758,1482.566156431686,67.001953125,0.0,20.11328125,1861.283203125,1807.880859375,1545.2685546875,1550.419921875,2.0058972644460646,11.467657107784303,15.29471483716336,37.60665199976809,36.814453125,220.57421875,257.837890625,586.5244140625,22.7578125,147.3466796875,168.9560546875,353.4482421875,2001-10-21,370.02
358,359,52.35,42.65,3.75,14.55,94425.0,-1332480.0,3577,51.84726991274205,43.5497445279114,3.343984498473163,10,2001,301,0.7401768531960371,0.73431535665374,12.507261796748796,0.010833385592283307,10950,0.0,-2.1249289848818407,3.619812657077299,-1.289641057705902,22.564703,130.89069,8.73151,28.502051964898758,1482.566156431686,87.8994140625,0.0,0.0517578125,1873.916015625,1783.3017578125,1525.3173828125,1602.376953125,1.7407313321359277,11.440640985367953,13.473554372230367,35.946511099889875,35.513671875,216.955078125,257.388671875,587.3154296875,24.59765625,150.91796875,170.1044921875,369.9013671875,2001-10-28,370.02
359,360,49.95,37.15,11.5,12.65,94425.0,-1332480.0,3577,56.522665569715954,37.21706683408914,4.919070557924311,11,2001,326,0.793577803248942,0.7790509663129592,12.743722578190905,0.0077286736577732995,10950,0.0,-2.1249289848818407,3.619812657077299,-1.289641057705902,22.564703,130.89069,8.73151,28.502051964898758,1482.566156431686,60.599609375,82.3466796875,0.0517578125,1761.4453125,1700.6396484375,1587.708984375,1651.0546875,2.358127675314768,11.296583574487595,12.302508781242107,35.81128540227536,37.6015625,220.3916015625,249.5048828125,596.19921875,26.06640625,150.63671875,174.001953125,406.4248046875,2001-11-22,370.02
360,361,64.65,30.8,3.05,16.95,94425.0,-1332480.0,3577,61.41907341180277,30.823205643212294,6.386119776647952,11,2001,333,0.793577803248942,0.7909308685214298,12.79230102049822,0.006313101559886292,10950,0.0,-2.1249289848818407,3.619812657077299,-1.289641057705902,22.564703,130.89069,8.73151,28.502051964898758,1482.566156431686,84.119140625,87.8994140625,0.0517578125,1687.880859375,1756.4052734375,1601.18359375,1609.2763671875,1.19674191570558,10.94219941290871,13.654711249802364,33.33988303810605,34.421875,216.1318359375,257.9931640625,590.7255859375,23.435546875,156.8564453125,176.703125,401.8017578125,2001-11-29,370.02
361,362,70.9,22.1,5.6,13.75,94425.0,-1332480.0,3577,65.85498623244612,25.143565075506146,7.660184931869685,12,2001,358,0.8414709848078965,0.8309549166704199,12.867916847603958,-0.0002921526203838454,10950,0.0,-2.1249289848818407,3.619812657077299,-1.289641057705902,22.564703,130.89069,8.73151,28.502051964898758,1482.566156431686,179.8515625,142.94921875,0.05078125,1488.693359375,1836.017578125,1502.1533203125,1607.603515625,1.7048584056975078,8.765554873382623,7.842375733459299,23.437105052971166,36.138671875,213.9951171875,234.1240234375,558.615234375,26.046875,145.2822265625,173.6201171875,401.7041015625,2001-12-24,370.02
362,363,77.85,20.5,0.35,16.7,94425.0,-1332480.0,3577,69.81561902773917,20.962200563295085,7.9037897649763105,1,2002,9,0.08323691620031025,0.024655035717071696,12.823564742820814,-0.004776913547345885,10950,0.0,-2.1249289848818407,3.619812657077299,-1.289641057705902,22.564703,130.89069,8.73151,28.502051964898758,1482.566156431686,180.3857421875,265.1884765625,0.0634765625,1301.806640625,1832.5205078125,1564.12109375,1527.2685546875,1.4760639658116936,7.251224854977108,8.958260298841775,22.079660208208693,35.568359375,204.52734375,241.041015625,557.935546875,24.103515625,150.083984375,170.99609375,397.79296875,2002-01-09,372.15
363,364,53.5454545454545,23.6363636363636,21.9090909090909,12.9090909090909,94435.9090909091,-1332456.81818182,3577,72.70082516694151,19.664103810624923,6.407528258399799,1,2002,16,0.08323691620031025,0.043821578983327183,12.783355561912575,-0.006438882186124317,10950,0.0,-2.1249289848818407,3.619812657077299,-1.289641057705902,22.564703,130.89069,8.73151,28.502051964898758,1482.566156431686,181.8212890625,260.11328125,33.0400390625,1113.7705078125,1930.677734375,1572.4306640625,1574.9404296875,1.4011250747615633,6.486577968015213,8.727288820788802,23.195544773591173,36.017578125,204.1787109375,240.095703125,564.8525390625,26.013671875,152.3935546875,174.1875,395.1689453125,2002-01-16,372.15
364,365,78.6,19.2,0.85,17.25,94425.0,-1332480.0,3577,75.63919173985592,18.291118343142056,4.830401079358981,1,2002,25,0.08323691620031025,0.0684396094589796,12.716137184989554,-0.008232141804773718,10950,0.0,-2.1249289848818407,3.619812657077299,-1.289641057705902,22.564703,130.89069,8.73151,28.502051964898758,1482.566156431686,177.380859375,240.294921875,82.515625,993.2470703125,1930.486328125,1639.1064453125,1473.7314453125,1.378558953229854,7.990470000175465,7.891079952244868,19.842053244064672,35.0078125,210.1171875,242.265625,549.123046875,25.00390625,152.0341796875,180.3076171875,395.3310546875,2002-01-25,372.15
365,366,82.95,15.7,0.05,19.95,94425.0,-1332480.0,3577,77.03432619073179,18.765606518755973,2.9194407431385896,2,2002,57,0.16589613269341502,0.1555304187629216,12.386981092120521,-0.011512077686830935,10950,0.0,-2.1249289848818407,3.619812657077299,-1.289641057705902,22.564703,130.89069,8.73151,28.502051964898758,1482.566156431686,559.04296875,353.7265625,146.6865234375,431.4462890625,2115.890625,1661.5224609375,1391.935546875,0.9056615242659303,4.413361597373568,4.0746662318951605,15.498833926918724,33.734375,189.703125,214.9287109375,532.6015625,24.4482421875,147.138671875,163.2080078125,398.6376953125,2002-02-26,372.15
366,367,76.7,20.8,1.0,19.25,94425.0,-1332480.0,3577,76.38233773424685,20.309673675209023,1.9704669269726245,3,2002,80,0.24740395925452294,0.21742744196619432,12.116318362156486,-0.011812667220400641,10950,0.0,-2.1249289848818407,3.619812657077299,-1.289641057705902,22.564703,130.89069,8.73151,28.502051964898758,1482.566156431686,292.4990234375,613.2822265625,305.2685546875,198.51171875,2017.9931640625,1754.6083984375,1513.390625,1.5578881420966992,10.221193545980567,10.537036291150965,15.785196559443051,35.59375,210.00390625,248.408203125,533.09375,25.115234375,143.9892578125,172.455078125,396.630859375,2002-03-21,372.15
367,368,76.75,21.9,0.0,19.95,94425.0,-1332480.0,3577,75.00169908304684,22.771711727517353,0.8026586986419586,3,2002,89,0.24740395925452294,0.24142654866249988,12.010760802407965,-0.011639499677512433,10950,0.0,-2.1249289848818407,3.619812657077299,-1.289641057705902,22.564703,130.89069,8.73151,28.502051964898758,1482.566156431686,149.4287109375,715.84765625,364.724609375,175.08984375,1997.6015625,1664.986328125,1628.76171875,1.95368643823135,11.611568585781997,12.335845153768691,21.64837708022658,35.064453125,217.4248046875,248.517578125,557.3447265625,23.865234375,150.12109375,169.865234375,396.421875,2002-03-30,372.15
368,369,72.0,26.25,0.35,19.5,94425.0,-1332480.0,3577,73.35565979291461,25.35651456341154,0.0,4,2002,96,0.3271946967961522,0.25999178818616486,11.93018319103178,-0.011401551943812649,10950,0.0,-2.1249289848818407,3.619812657077299,-1.289641057705902,22.564703,130.89069,8.73151,28.502051964898758,1482.566156431686,57.169921875,728.4541015625,444.76953125,45.5546875,2093.9267578125,1596.951171875,1666.1279296875,2.294738789957708,12.238684847801107,13.565255024013346,25.92847980761057,37.3720703125,212.8359375,252.4892578125,565.4638671875,23.970703125,137.59375,173.986328125,390.6494140625,2002-04-06,372.15
369,370,67.0,30.8,0.6,18.95,94425.0,-1332480.0,3577,69.99292153177372,29.31653894961262,0.0,4,2002,105,0.3271946967961522,0.2837199249069785,11.829690715511916,-0.010951923117453077,10950,0.0,-2.1249289848818407,3.619812657077299,-1.289641057705902,22.564703,130.89069,8.73151,28.502051964898758,1482.566156431686,93.533203125,737.0048828125,440.3291015625,59.6533203125,2002.5498046875,1689.4794921875,1682.9833984375,1.4895511227777658,8.488545923053119,14.586982907754107,30.15786229019338,34.83203125,205.7021484375,252.673828125,571.60546875,23.03125,146.65625,166.5361328125,387.671875,2002-04-15,372.15
370,371,63.9,32.05,2.55,19.3,94425.0,-1332480.0,3577,63.256379338429525,34.04794471456012,1.2313729858212261,4,2002,112,0.3271946967961522,0.3020566242501205,11.754864917879495,-0.010475396026107475,10950,0.0,-2.1249289848818407,3.619812657077299,-1.289641057705902,22.564703,130.89069,8.73151,28.502051964898758,1482.566156431686,93.2080078125,711.22265625,417.48046875,102.4599609375,1981.9033203125,1715.640625,1599.9150390625,2.1897698064964635,11.213147800643576,9.978097045830884,32.409000044178796,36.4521484375,212.9013671875,240.5341796875,575.76171875,24.361328125,140.2451171875,169.6875,384.3427734375,2002-04-22,372.15
371,372,56.6666666666667,37.6111111111111,4.33333333333333,15.7222222222222,94430.0,-1332485.0,3577,59.02111374584014,37.09737892961226,2.407854532084251,5,2002,121,0.40471456356112473,0.32546820322762066,11.66443280166225,-0.00967204215880102,10950,0.0,-2.1249289848818407,3.619812657077299,-1.289641057705902,22.564703,130.89069,8.73151,28.502051964898758,1482.566156431686,74.2568359375,698.267578125,443.82421875,87.9609375,1960.47265625,1741.138671875,1602.962890625,2.0956971126754675,12.799457428267944,14.34307444578153,27.98124661118591,35.3916015625,214.232421875,250.2939453125,563.3017578125,22.951171875,132.7861328125,162.4072265625,383.46484375,2002-05-01,372.15
372,373,56.45,40.4,1.55,16.7,94425.0,-1332480.0,3577,53.881943012169614,39.91039977619957,4.7896168032709685,5,2002,137,0.40471456356112473,0.3665911745948919,11.526017975423333,-0.007615501001248859,10950,0.0,-2.1249289848818407,3.619812657077299,-1.289641057705902,22.564703,130.89069,8.73151,28.502051964898758,1482.566156431686,0.0146484375,497.224609375,677.8466796875,129.2236328125,1926.7578125,1774.853515625,1602.365234375,2.038496249003535,12.09696746906811,15.770224779974926,33.303139124922296,34.4287109375,205.673828125,248.18359375,569.3251953125,20.7255859375,118.2353515625,172.6123046875,367.626953125,2002-05-17,372.15
373,374,54.8421052631579,41.9473684210526,1.89473684210526,16.9473684210526,94421.8421052632,-1332482.36842105,3577,47.96956116231104,42.388246556001334,8.25794829254051,5,2002,144,0.40471456356112473,0.38436561199709685,11.477320682725185,-0.006438385064290841,10950,0.0,-2.1249289848818407,3.619812657077299,-1.289641057705902,22.564703,130.89069,8.73151,28.502051964898758,1482.566156431686,0.0,273.3818359375,887.779296875,143.1484375,1926.7578125,1774.853515625,1602.365234375,1.6931254044503194,12.144927014652204,14.135463718071644,34.730289459115696,34.9189453125,208.3544921875,240.1025390625,567.21484375,21.845703125,118.8759765625,138.9609375,377.83203125,2002-05-24,372.15
374,375,38.9,45.7,14.25,17.45,94425.0,-1332480.0,3577,43.52378702986656,44.16059294388437,11.032630652166233,6,2002,160,0.479425538604203,0.4244516272420487,11.401168156168831,-0.0031644134675854474,8,15.210599806108377,-2.1249289848818407,3.619812657077299,-1.289641057705902,22.564703,130.89069,8.73151,28.502051964898758,1482.566156431686,0.0,122.052734375,909.748046875,272.5087890625,1911.3125,1790.1904296875,1602.4638671875,1.5981007222837764,10.732321063171064,14.307519199780831,31.681400759256768,32.859375,180.923828125,218.22265625,553.5537109375,15.0283203125,97.8173828125,128.4541015625,322.9345703125,2002-06-09,372.15
375,376,37.25,44.3,17.2,13.95,94425.0,-1332480.0,3577,39.90414578088742,45.54392344117099,13.295119537459083,6,2002,176,0.479425538604203,0.463722163275047,11.382229865626973,0.0005961547525625832,24,15.210599806108377,-2.1249289848818407,3.619812657077299,-1.289641057705902,22.564703,130.89069,8.73151,28.502051964898758,1482.566156431686,0.0,74.3046875,907.142578125,322.861328125,1911.2861328125,1790.2177734375,1602.4619140625,1.685366395637895,12.083680284845245,12.916685306752566,31.186838024116355,31.8994140625,184.00390625,241.34375,496.5537109375,14.6982421875,111.84765625,145.9365234375,279.35546875,2002-06-25,372.15
376,377,35.25,45.4,17.9,14.1,94425.0,-1332480.0,3577,38.41360616733189,46.66740208896917,13.686264843188003,7,2002,185,0.5508090958869698,0.4854250854422403,11.398180245004923,0.0026986140668299186,33,15.210599806108377,-2.1249289848818407,3.619812657077299,-1.289641057705902,22.564703,130.89069,8.73151,28.502051964898758,1482.566156431686,0.0,74.2548828125,786.5048828125,443.548828125,1911.2861328125,1790.2177734375,1602.4501953125,1.5062481771896907,10.649848472161521,13.41280823159227,30.480682637302927,30.6708984375,183.5283203125,218.6328125,522.875,18.158203125,101.2685546875,116.6357421875,303.05859375,2002-07-04,372.15
377,378,41.05,49.9,8.0,15.15,94425.0,-1332480.0,3577,38.104999804383056,47.71883687528241,12.962787353864119,7,2002,192,0.5508090958869698,0.5021017714378186,11.423282634990363,0.00423545286933269,40,15.210599806108377,-2.1249289848818407,3.619812657077299,-1.289641057705902,22.564703,130.89069,8.73151,28.502051964898758,1482.566156431686,0.0,60.6796875,788.462890625,455.166015625,1911.2861328125,1790.2177734375,1602.4501953125,1.9714959238473044,10.801511759306052,12.156096649351213,30.868631012788043,31.78125,181.7158203125,214.19921875,522.4248046875,17.7275390625,102.02734375,119.4267578125,304.5380859375,2002-07-11,372.15
378,379,39.2,46.55,12.95,14.35,94425.0,-1332480.0,3577,38.40505394881552,48.59955860227254,11.756918484804949,7,2002,201,0.5508090958869698,0.5232710271860929,11.470482374524018,0.006014780322585622,49,15.210599806108377,-2.1249289848818407,3.619812657077299,-1.289641057705902,22.564703,130.89069,8.73151,28.502051964898758,1482.566156431686,0.0,0.0,804.4306640625,499.8271484375,1911.3369140625,1790.2177734375,1602.4501953125,2.079789070157996,10.521017285022724,12.675861577253816,29.47532105238833,31.1513671875,186.267578125,218.3271484375,493.50390625,17.1884765625,94.8779296875,114.6953125,270.978515625,2002-07-20,372.15
379,380,41.95,50.1,6.75,14.65,94425.0,-1332480.0,3577,39.76615382335824,49.031843649255265,9.899170855214676,7,2002,208,0.5508090958869698,0.5395167147704585,11.5174847940373,0.00721541455600061,56,15.210599806108377,-2.1249289848818407,3.619812657077299,-1.289641057705902,22.564703,130.89069,8.73151,28.502051964898758,1482.566156431686,0.0,0.0,803.8447265625,500.4130859375,1911.3369140625,1790.2177734375,1602.44921875,2.024444123050258,12.221455972142431,12.60080635518072,28.738374398049874,33.5810546875,199.5458984375,217.4189453125,493.1982421875,14.7275390625,113.197265625,112.06640625,269.0380859375,2002-07-27,372.15
380,381,40.2,49.1,9.25,14.15,94425.0,-1332480.0,3577,40.82458009644951,49.24194887725193,8.604586353843663,8,2002,217,0.618369803069737,0.5601116325912429,11.589099115027311,0.008508986217339753,65,15.210599806108377,-2.1249289848818407,3.619812657077299,-1.289641057705902,22.564703,130.89069,8.73151,28.502051964898758,1482.566156431686,0.0,0.0,701.7548828125,602.5029296875,1911.3369140625,1790.2177734375,1602.44921875,2.0508344054561283,12.036185883231981,14.377178559960967,29.40192033697199,32.869140625,191.890625,236.1064453125,500.1884765625,15.7666015625,100.736328125,125.244140625,266.2783203125,2002-08-05,372.15
381,382,40.15,50.3,8.4,14.25,94425.0,-1332480.0,3577,39.75699194889573,49.51699448505779,9.41449341761243,8,2002,224,0.618369803069737,0.5758951096788277,11.652023074112172,0.009326617972108764,72,15.210599806108377,-2.1249289848818407,3.619812657077299,-1.289641057705902,22.564703,130.89069,8.73151,28.502051964898758,1482.566156431686,0.0,0.0,570.51953125,733.73828125,1911.3369140625,1790.2177734375,1602.44921875,1.8469292251936293,13.316750668266685,14.087020288688109,31.103237319679145,32.5888671875,202.84375,224.759765625,517.9677734375,17.7470703125,97.771484375,116.5029296875,276.8271484375,2002-08-12,372.15
382,383,35.4,48.6,14.5,13.25,94425.0,-1332480.0,3577,39.04478335742213,48.433734344514136,11.205827535669439,8,2002,233,0.618369803069737,0.5958761215123557,11.740294435630053,0.010158651597647506,81,15.210599806108377,-2.1249289848818407,3.619812657077299,-1.289641057705902,22.564703,130.89069,8.73151,28.502051964898758,1482.566156431686,0.0,0.0,298.5927734375,1005.6650390625,1911.3369140625,1790.2177734375,1602.4267578125,2.277240466709398,12.960739086520864,14.625268194228825,32.97636054981766,32.7392578125,189.1748046875,232.9228515625,529.0947265625,14.13671875,88.9716796875,115.1083984375,276.6904296875,2002-08-21,372.15
383,384,38.65,46.4,13.6,13.15,94425.0,-1332480.0,3577,38.03501519662757,47.57337188637602,13.078323778224059,8,2002,240,0.618369803069737,0.6111670640411674,11.813465341416963,0.010656568477077855,88,15.210599806108377,-2.1249289848818407,3.619812657077299,-1.289641057705902,22.564703,130.89069,8.73151,28.502051964898758,1482.566156431686,0.0,0.0,218.9462890625,1085.3115234375,1911.3369140625,1790.2177734375,1602.4267578125,2.2466462652831267,13.846796448160635,15.23797955323026,33.22445018408552,31.6787109375,198.5126953125,221.9140625,525.9111328125,13.27734375,101.6416015625,103.1083984375,266.5546875,2002-08-28,372.15
384,385,38.25,49.05,11.5,12.55,94425.0,-1332480.0,3577,37.026648201068284,47.73354177189215,13.9615093396073,9,2002,249,0.6816387600233341,0.6304957812967532,11.91188757029123,0.011134104006590206,97,15.210599806108377,-2.1249289848818407,3.619812657077299,-1.289641057705902,22.564703,130.89069,8.73151,28.502051964898758,1482.566156431686,0.0,0.0,122.052734375,1182.205078125,1911.3369140625,1790.2177734375,1602.4072265625,2.0131615251984254,12.172173403432268,16.267744992087135,33.75021159339147,33.810546875,204.111328125,231.1416015625,520.8447265625,20.99609375,115.857421875,111.2587890625,252.2109375,2002-09-06,372.15
385,386,37.05,48.25,13.5,11.15,94425.0,-1332480.0,3577,35.78044324910337,48.15257421411175,14.787272536814069,9,2002,256,0.6816387600233341,0.6452648114885879,11.99092493799372,0.011395975502617617,104,15.210599806108377,-2.1249289848818407,3.619812657077299,-1.289641057705902,22.564703,130.89069,8.73151,28.502051964898758,1482.566156431686,0.0,0.0,93.8837890625,1210.3740234375,1910.6328125,1790.921875,1602.33203125,2.6184788183282635,13.052706442113552,14.185334928630693,35.39268839124978,37.62109375,215.10546875,237.921875,519.0634765625,23.916015625,119.615234375,136.853515625,248.361328125,2002-09-13,372.15
386,387,35.1,47.6,16.1,11.4,94425.0,-1332480.0,3577,33.82284540454965,50.6343829382209,14.274970735633406,9,2002,265,0.6816387600233341,0.6639040987988447,12.09464333477965,0.011606443331222849,113,15.210599806108377,-2.1249289848818407,3.619812657077299,-1.289641057705902,22.564703,130.89069,8.73151,28.502051964898758,1482.566156431686,11.9990234375,0.0,74.3046875,1229.953125,1910.6328125,1790.9169921875,1602.130859375,2.382795885002098,14.15762652592147,15.294133807640652,34.95314556142068,36.720703125,213.7373046875,252.716796875,539.9853515625,20.2958984375,130.306640625,148.892578125,286.34375,2002-09-22,372.15
387,388,35.0714285714286,48.3571428571429,15.1428571428571,8.57142857142857,94414.2857142857,-1332495.0,3577,34.34490682040275,51.09307428760796,13.292014039404897,9,2002,272,0.6816387600233341,0.6781228416014485,12.176208838131453,0.011674362908484781,120,15.210599806108377,-2.1249289848818407,3.619812657077299,-1.289641057705902,22.564703,130.89069,8.73151,28.502051964898758,1482.566156431686,11.9990234375,0.0,74.255859375,1230.001953125,1910.6318359375,1790.91796875,1599.8154296875,2.239973589970843,14.739084610770062,16.54042241092357,33.97953437697419,36.62109375,223.7255859375,250.4580078125,561.560546875,21.515625,127.8759765625,150.6025390625,323.9775390625,2002-09-29,372.15
388,389,34.6315789473684,53.6315789473684,10.4210526315789,10.3157894736842,94428.1578947368,-1332477.63157895,3577,37.20138609149785,50.060378646928115,11.45594803599356,11,2002,313,0.793577803248942,0.7562315107864898,12.630502750385185,0.009702266667121151,161,15.210599806108377,-2.1249289848818407,3.619812657077299,-1.289641057705902,22.564703,130.89069,8.73151,28.502051964898758,1482.566156431686,32.3193359375,11.9990234375,0.0,1212.521484375,1914.158203125,1698.8056640625,1598.6474609375,2.3436995291025093,16.11035080209218,18.555090234131978,45.752271608010204,38.5224609375,232.130859375,271.486328125,628.673828125,23.5458984375,145.2646484375,175.302734375,371.537109375,2002-11-09,372.15
389,390,39.5,50.0,9.15,11.85,94425.0,-1332480.0,3577,42.36749986203483,46.48404508152062,9.789236321767024,11,2002,320,0.793577803248942,0.7686399738142345,12.694722434512105,0.00874426938151629,168,15.210599806108377,-2.1249289848818407,3.619812657077299,-1.289641057705902,22.564703,130.89069,8.73151,28.502051964898758,1482.566156431686,32.3193359375,11.9990234375,0.0,1177.671875,1920.791015625,1698.12109375,1604.134765625,2.525975848016464,17.47312518546049,18.45405033119469,43.088482138353996,37.671875,234.7802734375,270.6533203125,623.65234375,26.7763671875,153.9365234375,168.810546875,384.763671875,2002-11-16,372.15
390,391,49.45,42.85,6.45,14.8,94425.0,-1332480.0,3577,50.12022032065279,41.07795175330817,7.405757286544828,12,2002,345,0.8414709848078965,0.8106172748024666,12.84948698348447,0.0033663316910388374,193,15.210599806108377,-2.1249289848818407,3.619812657077299,-1.289641057705902,22.564703,130.89069,8.73151,28.502051964898758,1482.566156431686,147.2314453125,44.318359375,0.0,1031.80078125,1817.37109375,1844.720703125,1515.654296875,2.362485245444005,12.04973246637644,11.885535811498865,41.305211356485756,38.96875,228.193359375,254.646484375,611.7421875,26.5673828125,153.7919921875,175.353515625,409.517578125,2002-12-11,372.15
391,392,58.95,33.3,6.35,15.8,94425.0,-1332480.0,3577,59.967515928742095,33.968099555645395,4.676119448417914,12,2002,361,0.8414709848078965,0.8354994533572515,12.86531684738546,-0.0011533602747277882,209,15.210599806108377,-2.1249289848818407,3.619812657077299,-1.289641057705902,22.564703,130.89069,8.73151,28.502051964898758,1482.566156431686,212.86328125,40.4775390625,11.9990234375,981.447265625,1797.2978515625,1813.658203125,1513.6328125,1.536072229467784,9.094916820010868,11.92514273172912,29.66798502046605,35.2890625,213.5439453125,257.1025390625,594.546875,24.0771484375,148.2021484375,169.328125,405.076171875,2002-12-27,372.15
392,393,77.0,19.8,1.75,17.85,94425.0,-1332480.0,3577,69.01011937385356,26.526284632749622,3.071550691445949,1,2003,28,0.08323691620031025,0.07663711168828477,12.690418370155086,-0.008738214755762641,241,15.210599806108377,-2.1249289848818407,3.619812657077299,-1.289641057705902,22.564703,130.89069,8.73151,28.502051964898758,1482.566156431686,370.564453125,254.8681640625,14.572265625,803.8447265625,1474.4892578125,1944.05078125,1630.9052734375,1.301211143034918,6.847521341774722,5.649372451888318,16.33832415594304,34.8583984375,200.068359375,223.4873046875,507.912109375,23.6142578125,149.744140625,168.95703125,387.8515625,2003-01-28,374.62
393,394,71.75,24.3,2.4,18.8,94425.0,-1332480.0,3577,76.28368371077025,20.69629942323946,1.636212020014942,2,2003,35,0.16589613269341502,0.09574352691494717,12.625094091495594,-0.009742728732081929,248,15.210599806108377,-2.1249289848818407,3.619812657077299,-1.289641057705902,22.564703,130.89069,8.73151,28.502051964898758,1482.566156431686,352.681640625,307.609375,44.318359375,709.8828125,1458.25390625,2019.970703125,1563.6865234375,1.5568103313318336,8.438271077616243,8.14873248480964,12.209976249790925,35.744140625,210.021484375,234.9267578125,484.2607421875,26.0576171875,153.3623046875,173.3583984375,382.22265625,2003-02-04,374.62
394,395,78.75,18.7,1.25,18.95,94425.0,-1332480.0,3577,79.17030350290534,18.485239031781816,0.9341492139926464,3,2003,76,0.24740395925452294,0.20671787133031128,12.163621985815503,-0.011841668462809096,289,15.210599806108377,-2.1249289848818407,3.619812657077299,-1.289641057705902,22.564703,130.89069,8.73151,28.502051964898758,1482.566156431686,450.6064453125,643.9677734375,201.3017578125,105.8828125,1467.037109375,1989.3154296875,1760.3984375,1.6069549126329945,7.7659160221952925,5.580149355311437,10.098048104250108,34.6943359375,195.64453125,225.4482421875,498.421875,24.14453125,139.759765625,173.9033203125,389.0419921875,2003-03-17,374.62
395,396,78.85,19.6,0.2,20.3,94425.0,-1332480.0,3577,77.27603513480639,20.62796308302762,0.6485312064502857,3,2003,83,0.24740395925452294,0.2254425540018297,12.080959303367457,-0.011771359198139209,296,15.210599806108377,-2.1249289848818407,3.619812657077299,-1.289641057705902,22.564703,130.89069,8.73151,28.502051964898758,1482.566156431686,346.580078125,740.376953125,236.9736328125,105.20703125,1409.140625,1998.1162109375,1731.5654296875,1.316511544610568,8.004419594581474,9.372870934828287,11.207225523624581,33.09375,205.244140625,230.3388671875,505.7734375,25.14453125,147.751953125,163.904296875,390.859375,2003-03-24,374.62
396,397,76.55,21.9,0.15,19.3,94425.0,-1332480.0,3577,72.30591807572151,24.821804975206838,1.4197373833594613,4,2003,92,0.3271946967961522,0.24939435149663894,11.976019918164509,-0.011548837728637906,305,15.210599806108377,-2.1249289848818407,3.619812657077299,-1.289641057705902,22.564703,130.89069,8.73151,28.502051964898758,1482.566156431686,216.33203125,855.73828125,264.6435546875,86.2548828125,1334.904296875,2066.0185546875,1601.58203125,1.415857887490209,10.171785911497626,10.257511720534763,17.814578587016534,34.4619140625,211.314453125,238.3486328125,525.3447265625,24.8212890625,144.7900390625,169.056640625,388.068359375,2003-04-02,374.62
397,398,64.05,32.6,1.8,17.9,94425.0,-1332480.0,3577,66.95331355949551,29.775979129225455,1.8318030266943912,4,2003,108,0.3271946967961522,0.29159168187021955,11.797209458126886,-0.010762315799413003,321,15.210599806108377,-2.1249289848818407,3.619812657077299,-1.289641057705902,22.564703,130.89069,8.73151,28.502051964898758,1482.566156431686,35.43359375,730.623046875,571.6474609375,12.0078125,1324.5361328125,1987.3349609375,1711.0205078125,2.2819029358212726,11.613439489666398,11.218062865698254,25.138953059440098,35.8818359375,218.7705078125,247.443359375,554.8095703125,23.28125,146.2568359375,169.27734375,386.6298828125,2003-04-18,374.62
398,399,61.1,36.7,0.75,17.5,94425.0,-1332480.0,3577,62.579355474237765,36.17093680312954,0.0,4,2003,115,0.3271946967961522,0.3098815935404807,11.723918275253133,-0.010232935014066413,328,15.210599806108377,-2.1249289848818407,3.619812657077299,-1.289641057705902,22.564703,130.89069,8.73151,28.502051964898758,1482.566156431686,21.119140625,704.0947265625,617.2626953125,14.572265625,1324.37109375,1967.0673828125,1719.232421875,2.4403020609509274,12.513240169281762,13.89534242548767,26.099504204603587,34.8916015625,214.1328125,254.65234375,563.904296875,24.4609375,141.4462890625,169.5380859375,386.8505859375,2003-04-25,374.62
399,400,52.0,40.95,5.5,11.7,94425.0,-1332480.0,3577,58.232873627911374,40.072298599227594,0.2563164389789394,5,2003,124,0.40471456356112473,0.33322879067865074,11.636052589034644,-0.009350957022032702,337,15.210599806108377,-2.1249289848818407,3.619812657077299,-1.289641057705902,22.564703,130.89069,8.73151,28.502051964898758,1482.566156431686,10.0498046875,644.103515625,687.0302734375,17.5791015625,1304.3095703125,1957.6923828125,1743.9189453125,1.9882808405378827,12.6240326128068,15.658133074627699,29.19819738332528,34.7890625,215.755859375,248.4443359375,572.490234375,23.935546875,138.486328125,170.20703125,380.9873046875,2003-05-04,374.62
400,401,55.05,41.8,1.8,16.75,94425.0,-1332480.0,3577,52.471774664955674,42.76490506396988,3.383448440104283,5,2003,131,0.40471456356112473,0.3512483815892772,11.57395376104322,-0.008488196768418277,344,15.210599806108377,-2.1249289848818407,3.619812657077299,-1.289641057705902,22.564703,130.89069,8.73151,28.502051964898758,1482.566156431686,9.3154296875,590.3076171875,714.9853515625,44.318359375,1304.3095703125,1949.1435546875,1752.4677734375,2.0668127769129363,12.650463288483792,14.612313453344683,33.63826759225472,33.94921875,206.6552734375,250.544921875,573.4912109375,22.2958984375,142.275390625,162.421875,381.9169921875,2003-05-11,374.62
401,402,53.85,42.75,2.25,15.4,94425.0,-1332480.0,3577,48.342876009432246,42.73077247828931,7.635259477363601,5,2003,140,0.40471456356112473,0.37422568247722243,11.504131694781298,-0.007131885520392345,353,15.210599806108377,-2.1249289848818407,3.619812657077299,-1.289641057705902,22.564703,130.89069,8.73151,28.502051964898758,1482.566156431686,10.4638671875,427.1181640625,871.951171875,50.6337890625,1304.3095703125,1926.7578125,1774.853515625,1.4044470810917151,10.143568121820696,14.236675477429195,34.632812242463686,33.96875,206.6748046875,239.59375,568.5576171875,24.3564453125,131.8662109375,156.9208984375,381.470703125,2003-05-20,374.62
402,403,49.15,45.25,4.25,16.95,94425.0,-1332480.0,3577,45.35072311588661,42.37389962977565,11.061573101819128,5,2003,147,0.40471456356112473,0.39194033242451504,11.45911030079075,-0.005882681212099783,360,15.210599806108377,-2.1249289848818407,3.619812657077299,-1.289641057705902,22.564703,130.89069,8.73151,28.502051964898758,1482.566156431686,3.12890625,294.46484375,984.3037109375,78.2802734375,1304.3095703125,1911.3125,1790.298828125,1.7818815492901299,12.553937663584108,11.548015202912412,33.21135464526518,32.3291015625,208.5751953125,240.6435546875,559.70703125,19.236328125,128.3857421875,156.22265625,368.1845703125,2003-05-27,374.62
403,404,38.6,43.55,16.7,15.5,94425.0,-1332480.0,3577,42.73852324145803,41.96794366623461,14.143996406068593,7,2003,187,0.5508090958869698,0.4902083400321613,11.404254017494043,0.00314897511793788,400,15.210599806108377,-2.1249289848818407,3.619812657077299,-1.289641057705902,22.564703,130.89069,8.73151,28.502051964898758,1482.566156431686,0.0,10.6962890625,952.03515625,397.5244140625,1304.30859375,1911.2861328125,1790.2177734375,2.622496822495078,9.924667474410942,14.658604437550373,33.07011410932458,32.6806640625,198.2724609375,229.87109375,520.8623046875,18.8583984375,103.3798828125,111.677734375,342.287109375,2003-07-06,374.62
404,405,32.9,32.65,33.5,10.5,94425.0,-1332480.0,3577,39.64926064646835,42.41753447789966,16.786848600313583,7,2003,196,0.5508090958869698,0.5115487853005207,11.442292311043873,0.005056836823927213,409,15.210599806108377,-2.1249289848818407,3.619812657077299,-1.289641057705902,22.564703,130.89069,8.73151,28.502051964898758,1482.566156431686,0.0,10.552734375,782.103515625,567.599609375,1304.30859375,1911.2861328125,1790.2177734375,2.241497308472706,10.750404861890384,12.63413895593042,32.33181640914681,32.3408203125,195.9052734375,228.8974609375,517.01171875,19.6279296875,109.888671875,130.087890625,295.1591796875,2003-07-15,374.62
405,406,40.7,45.0,12.95,14.55,94425.0,-1332480.0,3577,38.066335058125034,42.89310874882989,17.866013553007786,7,2003,203,0.5508090958869698,0.527932552869423,11.483053921030093,0.0063749792351028844,416,15.210599806108377,-2.1249289848818407,3.619812657077299,-1.289641057705902,22.564703,130.89069,8.73151,28.502051964898758,1482.566156431686,0.0,10.462890625,738.8369140625,610.9560546875,1304.2578125,1911.3369140625,1790.2177734375,2.3632027727525298,12.384390281087256,12.99190217036309,30.810837873257654,34.5107421875,195.4853515625,228.24609375,525.6865234375,22.0078125,127.21875,129.5166015625,273.6220703125,2003-07-22,374.62
406,407,40.05,47.9,10.85,13.8,94425.0,-1332480.0,3577,37.32141527202889,43.87818419969467,17.602124964815832,7,2003,204,0.5508090958869698,0.530257380384088,11.489603903000686,0.0065499819705934215,417,15.210599806108377,-2.1249289848818407,3.619812657077299,-1.289641057705902,22.564703,130.89069,8.73151,28.502051964898758,1482.566156431686,0.0,3.20703125,741.0712890625,615.9775390625,1304.2578125,1911.3369140625,1790.2177734375,2.1658605693674753,12.903712268405743,12.969928631640135,30.574526475835064,34.6005859375,198.3251953125,227.40625,525.5380859375,20.7275390625,131.6484375,127.6865234375,275.251953125,2003-07-23,374.62
407,408,39.9,47.5,11.45,14.0,94425.0,-1332480.0,3577,38.468043257046794,45.18703046179151,15.103127367985794,7,2003,211,0.5508090958869698,0.5464187550176638,11.540062882503,0.007677839416787791,424,15.210599806108377,-2.1249289848818407,3.619812657077299,-1.289641057705902,22.564703,130.89069,8.73151,28.502051964898758,1482.566156431686,0.0048828125,3.20703125,712.443359375,644.60546875,1304.2578125,1911.3369140625,1790.2177734375,1.915974132935578,13.008462723065765,15.069572837773219,29.00974287907127,32.791015625,197.365234375,232.92578125,521.6630859375,22.59765625,124.5087890625,152.3759765625,295.12109375,2003-07-30,374.62
408,409,37.35,44.2,17.15,13.6,94425.0,-1332480.0,3577,39.54508757495783,46.68226742297252,12.524211392320979,7,2003,212,0.5508090958869698,0.5487112551538731,11.547887877596327,0.007824995093328013,425,15.210599806108377,-2.1249289848818407,3.619812657077299,-1.289641057705902,22.564703,130.89069,8.73151,28.502051964898758,1482.566156431686,0.0048828125,1.4931640625,667.55078125,691.2119140625,1304.2578125,1911.3369140625,1790.2177734375,2.1712394590958333,13.25897507834686,14.733635060048291,29.47132146710696,31.8310546875,197.2451171875,234.1962890625,520.455078125,18.248046875,126.1884765625,151.42578125,299.05078125,2003-07-31,374.62
409,410,40.0,45.65,13.0,13.75,94425.0,-1332480.0,3577,40.36685357985064,47.53227608304297,10.81407910974313,8,2003,219,0.618369803069737,0.5646424733950354,11.60649356530392,0.00875886170957152,432,15.210599806108377,-2.1249289848818407,3.619812657077299,-1.289641057705902,22.564703,130.89069,8.73151,28.502051964898758,1482.566156431686,0.0048828125,1.3291015625,634.4365234375,724.490234375,1304.2578125,1911.3369140625,1790.2177734375,2.238103311139789,11.708266069299743,15.430214537442692,31.570817571224836,33.8388671875,189.67578125,229.076171875,525.75390625,20.7265625,109.7841796875,144.4365234375,320.388671875,2003-08-07,374.62
410,411,40.9,47.55,10.35,13.7,94425.0,-1332480.0,3577,39.71097447443603,47.24357639264054,11.809688453959135,8,2003,227,0.618369803069737,0.5825949538541461,11.680615586533591,0.00962993622616004,440,15.210599806108377,-2.1249289848818407,3.619812657077299,-1.289641057705902,22.564703,130.89069,8.73151,28.502051964898758,1482.566156431686,0.0048828125,1.31640625,489.630859375,869.30859375,1304.2578125,1911.3369140625,1790.2177734375,2.1254040185450136,10.639417071603503,13.919410756991534,34.36866679014016,33.94921875,204.013671875,227.4326171875,525.3837890625,23.1767578125,118.4208984375,132.669921875,333.8583984375,2003-08-15,374.62
411,412,38.8,48.25,11.75,13.75,94425.0,-1332480.0,3577,37.80063218514667,46.639875294976676,14.312881854984976,8,2003,228,0.618369803069737,0.5848195115392493,11.690340688683813,0.009725102150222042,441,15.210599806108377,-2.1249289848818407,3.619812657077299,-1.289641057705902,22.564703,130.89069,8.73151,28.502051964898758,1482.566156431686,0.005859375,1.31640625,469.16015625,889.779296875,1304.2578125,1911.3369140625,1790.2177734375,2.023023873429913,10.900615477808108,13.731052649294764,34.41983095479793,33.9189453125,204.25390625,229.6328125,525.251953125,19.966796875,124.9306640625,131.58984375,329.7373046875,2003-08-16,374.62
412,413,38.1,47.75,12.75,12.15,94425.0,-1332480.0,3577,40.15919591244068,46.93357401112118,11.601724436552425,8,2003,243,0.618369803069737,0.617651840044935,11.845795821029425,0.010834740603613113,456,15.210599806108377,-2.1249289848818407,3.619812657077299,-1.289641057705902,22.564703,130.89069,8.73151,28.502051964898758,1482.566156431686,0.0009765625,0.0830078125,206.4248046875,1153.7529296875,1304.2578125,1911.3369140625,1790.2177734375,2.1940005368906053,14.014540385656247,14.035057118737447,30.850278610647067,34.619140625,206.595703125,239.8037109375,532.5830078125,22.376953125,130.8017578125,143.2783203125,315.12109375,2003-08-31,374.62
413,414,39.4,46.5,13.0,11.75,94425.0,-1332480.0,3577,40.39882872544807,48.00054883196581,10.281397085884716,9,2003,244,0.6816387600233341,0.6198041813394971,11.856685595317774,0.010889774288349585,457,15.210599806108377,-2.1249289848818407,3.619812657077299,-1.289641057705902,22.564703,130.89069,8.73151,28.502051964898758,1482.566156431686,0.0029296875,0.0830078125,200.486328125,1159.69140625,1304.2578125,1911.3369140625,1790.2177734375,2.3739777706186986,14.238032322810943,13.743281383167414,31.05999922591583,35.7490234375,206.435546875,240.263671875,535.3935546875,21.2568359375,132.5517578125,144.658203125,316.62109375,2003-09-01,374.62
414,415,40.55,47.55,10.5,11.9,94425.0,-1332480.0,3577,39.874831669872144,48.751284937964954,10.06867977223864,9,2003,251,0.6816387600233341,0.6347394054621148,11.934282750456918,0.011218121032861461,464,15.210599806108377,-2.1249289848818407,3.619812657077299,-1.289641057705902,22.564703,130.89069,8.73151,28.502051964898758,1482.566156431686,0.0068359375,0.0048828125,91.5224609375,1268.7333984375,1304.2578125,1911.3369140625,1790.2177734375,2.31538497974028,14.956899067993477,16.612010093429642,31.072227959788478,35.470703125,205.8271484375,242.1845703125,546.0244140625,21.90625,117.4462890625,153.80859375,329.689453125,2003-09-08,374.62
415,416,37.55,51.05,10.1,15.45,94425.0,-1332480.0,3577,38.51243842000373,48.94017101670465,11.293341685051224,9,2003,267,0.6816387600233341,0.6679917430213101,12.1178991757667,0.011634510578284463,480,15.210599806108377,-2.1249289848818407,3.619812657077299,-1.289641057705902,22.564703,130.89069,8.73151,28.502051964898758,1482.566156431686,0.79296875,0.005859375,24.326171875,1323.9306640625,1316.2568359375,1910.6328125,1790.9169921875,2.1161994335057193,14.85887142799394,15.978501241808056,38.54885309316582,36.0810546875,225.095703125,255.015625,555.474609375,23.986328125,132.10546875,159.642578125,335.68359375,2003-09-24,374.62
416,417,40.7,50.5,7.3,12.1,94425.0,-1332480.0,3577,37.11075344581686,50.53459255351267,11.11994620915085,10,2003,276,0.7401768531960371,0.6861361913257407,12.222914124281097,0.011673766797985152,489,15.210599806108377,-2.1249289848818407,3.619812657077299,-1.289641057705902,22.564703,130.89069,8.73151,28.502051964898758,1482.566156431686,1.025390625,0.0078125,10.6962890625,1337.560546875,1316.2568359375,1910.630859375,1790.9189453125,2.5088746525720813,15.730484547312466,16.97063858526652,37.6458901558074,38.7841796875,229.1787109375,261.3671875,571.6044921875,22.818359375,137.4375,158.671875,344.7275390625,2003-10-03,374.62
417,418,42.45,48.95,7.65,12.55,94425.0,-1332480.0,3577,35.532219202126655,52.277181501294145,11.018188018003421,10,2003,283,0.7401768531960371,0.6999606990471843,12.304380183796448,0.011596633082874064,496,15.210599806108377,-2.1249289848818407,3.619812657077299,-1.289641057705902,22.564703,130.89069,8.73151,28.502051964898758,1482.566156431686,17.2685546875,0.01171875,10.552734375,1337.7041015625,1316.244140625,1910.6435546875,1790.91796875,2.8644406571501912,15.77828310573636,18.239359199884547,37.833856019095926,37.7138671875,226.6142578125,267.962890625,591.064453125,23.6884765625,147.7978515625,160.255859375,363.06640625,2003-10-10,374.62
418,419,21.4545454545455,57.7272727272727,19.7272727272727,15.8181818181818,94430.4545454545,-1332505.90909091,3577,35.06377823789347,54.14712488936278,9.608453705032616,10,2003,299,0.7401768531960371,0.7305848530682543,12.48552638350521,0.010967139911665313,512,15.210599806108377,-2.1249289848818407,3.619812657077299,-1.289641057705902,22.564703,130.89069,8.73151,28.502051964898758,1482.566156431686,22.4619140625,0.955078125,3.20703125,1342.5029296875,1236.2880859375,1956.4833984375,1783.5146484375,3.4090841068930313,16.336750472062896,19.31440655691435,42.657826454521775,40.353515625,232.7041015625,263.517578125,605.5791015625,24.7080078125,148.048828125,164.9443359375,372.6982421875,2003-10-26,374.62
419,420,38.65,50.5,9.75,12.25,94425.0,-1332480.0,3577,36.341597664924635,52.80991961879154,9.612735421064965,10,2003,300,0.7401768531960371,0.7324528537909863,12.496428411156513,0.010902027651303214,513,15.210599806108377,-2.1249289848818407,3.619812657077299,-1.289641057705902,22.564703,130.89069,8.73151,28.502051964898758,1482.566156431686,22.4619140625,0.955078125,3.20703125,1342.4765625,1236.314453125,1956.4833984375,1783.3017578125,3.0587073969392633,16.94623124291913,18.974087205418925,43.010014745690725,39.654296875,234.263671875,265.537109375,603.9521484375,24.59765625,149.8984375,168.474609375,368.73046875,2003-10-27,374.62
420,421,37.2,54.7,6.8,11.65,94425.0,-1332480.0,3577,37.440546832509916,51.97746420397256,9.412684421585183,11,2003,308,0.793577803248942,0.7471977675094822,12.58085836645246,0.010246598724865663,521,15.210599806108377,-2.1249289848818407,3.619812657077299,-1.289641057705902,22.564703,130.89069,8.73151,28.502051964898758,1482.566156431686,22.3837890625,1.0283203125,1.333984375,1341.34765625,1233.9169921875,1931.5107421875,1715.7548828125,3.1041908591210574,18.234408776347646,21.14919190396403,43.27414737537321,40.931640625,240.1396484375,277.6982421875,598.6533203125,25.515625,148.0830078125,175.0458984375,373.27734375,2003-11-04,374.62
421,422,40.5,54.5,3.5,11.1666666666667,94465.0,-1332455.0,3577,38.287780393416945,52.64630858508983,7.73743774561112,11,2003,315,0.793577803248942,0.7598053683187144,12.64953522822113,0.009452663188943333,528,15.210599806108377,-2.1249289848818407,3.619812657077299,-1.289641057705902,22.564703,130.89069,8.73151,28.502051964898758,1482.566156431686,80.98828125,17.275390625,1.333984375,1314.6083984375,1254.91015625,1915.1923828125,1670.7998046875,1.563895747573838,14.79027424794011,21.338599635468704,45.53303271473979,34.072265625,227.5419921875,281.0712890625,616.8037109375,24.076171875,152.8369140625,173.5986328125,386.9267578125,2003-11-11,374.62
422,423,44.5454545454545,46.2727272727273,8.0,14.0,94392.2727272727,-1332484.09090909,3577,40.48526785956602,51.345468415452984,6.826838577556915,11,2003,324,0.793577803248942,0.7756038877273475,12.72808321413602,0.008087595247314283,537,15.210599806108377,-2.1249289848818407,3.619812657077299,-1.289641057705902,22.564703,130.89069,8.73151,28.502051964898758,1482.566156431686,111.1064453125,17.2744140625,0.083984375,1310.5859375,1211.8896484375,1907.7666015625,1721.134765625,2.7234624543063783,13.191706309684418,14.47125897325257,48.31991659771739,38.5322265625,219.162109375,253.4345703125,637.923828125,25.74609375,150.0771484375,173.1630859375,399.6865234375,2003-11-20,374.62
423,424,46.45,45.8,6.35,14.1,94425.0,-1332480.0,3577,43.79238361263913,48.33204306578281,6.613631142122234,11,2003,332,0.793577803248942,0.7892514487478929,12.785987918938334,0.006530207256986387,545,15.210599806108377,-2.1249289848818407,3.619812657077299,-1.289641057705902,22.564703,130.89069,8.73151,28.502051964898758,1482.566156431686,133.0556640625,23.4111328125,0.083984375,1281.8974609375,1235.8515625,1845.330078125,1745.705078125,2.4751604698106284,14.3903254300504,17.311183458783532,40.13188973632059,37.7724609375,226.0419921875,261.89453125,608.388671875,25.576171875,150.6953125,176.4033203125,398.5419921875,2003-11-28,374.62
424,425,42.3333333333333,42.6666666666667,14.0,12.3333333333333,94385.0,-1332505.0,3577,47.746359825771066,43.717878899017556,7.402062752398566,12,2003,339,0.8414709848078965,0.8008822762508344,12.825358563083354,0.004913182218370338,552,15.210599806108377,-2.1249289848818407,3.619812657077299,-1.289641057705902,22.564703,130.89069,8.73151,28.502051964898758,1482.566156431686,139.0068359375,23.4091796875,0.0078125,1184.8759765625,1230.4365234375,1874.4560546875,1773.33203125,2.4662085448964985,14.545284687673366,16.865485899861028,35.839061111137156,38.1787109375,223.453125,263.814453125,588.3134765625,25.6171875,157.029296875,176.271484375,398.318359375,2003-12-05,374.62
425,426,45.1,52.1,1.75,11.3,94425.0,-1332480.0,3577,51.49475090313463,38.544064279946994,8.958512530993442,12,2003,340,0.8414709848078965,0.8025198761927164,12.830023271659366,0.004664708576012089,553,15.210599806108377,-2.1249289848818407,3.619812657077299,-1.289641057705902,22.564703,130.89069,8.73151,28.502051964898758,1482.566156431686,109.1484375,53.263671875,0.01171875,1178.06640625,1237.2451171875,1844.4267578125,1803.3623046875,2.1641906710594414,14.585345147293086,16.499832935202168,36.08082917396635,37.4287109375,223.419921875,264.0244140625,587.9033203125,25.7470703125,157.2802734375,176.1318359375,399.1484375,2003-12-06,374.62
426,427,61.6,29.6,7.45,16.35,94425.0,-1332480.0,3577,59.60367206094781,31.407923900898624,8.051199801836017,1,2004,6,0.08323691620031025,0.01643761584684252,12.837129256997757,-0.004003408773762374,584,15.210599806108377,-2.1249289848818407,3.619812657077299,-1.289641057705902,22.564703,130.89069,8.73151,28.502051964898758,1482.566156431686,427.828125,161.390625,1.033203125,972.744140625,1246.998046875,1825.9072265625,1759.806640625,1.3613858583923275,5.442015174179049,6.161473043136838,25.262938926112994,35.2783203125,191.8994140625,224.193359375,564.09375,24.173828125,150.599609375,177.158203125,404.3916015625,2004-01-06,376.33
427,428,70.7058823529412,16.7647058823529,12.4117647058824,17.5882352941176,94433.8235294118,-1332473.82352941,3577,66.34823860955632,26.227567700310082,6.491198184440714,1,2004,30,0.08323691620031025,0.08209927113191513,12.672471565512247,-0.009050110542053957,608,15.210599806108377,-2.1249289848818407,3.619812657077299,-1.289641057705902,22.564703,130.89069,8.73151,28.502051964898758,1482.566156431686,445.962890625,488.29296875,23.412109375,715.7255859375,1417.0595703125,1471.7763671875,1969.6953125,1.2310506486327961,6.985655450254024,9.098650668211638,14.268677783028949,35.0478515625,204.4580078125,242.0146484375,514.609375,24.814453125,151.0634765625,173.4697265625,393.7265625,2004-01-30,376.33
428,429,71.1,23.8,3.8,17.6,94425.0,-1332480.0,3577,72.64421093383768,21.851843448844363,4.49558266355687,1,2004,31,0.08323691620031025,0.08482943673521204,12.663273065247012,-0.009198500265235054,609,15.210599806108377,-2.1249289848818407,3.619812657077299,-1.289641057705902,22.564703,130.89069,8.73151,28.502051964898758,1482.566156431686,461.3525390625,499.0390625,23.412109375,715.6552734375,1417.1298828125,1468.5029296875,1972.96875,1.01991232756051,6.9164717773799955,9.47703745327377,14.71487763486299,34.59765625,204.98828125,243.9541015625,517.80859375,25.2041015625,150.583984375,173.2294921875,394.103515625,2004-01-31,376.33
429,430,79.75,18.2,0.65,20.0,94425.0,-1332480.0,3577,76.99982826314766,19.20146342457109,2.6587809931823525,3,2004,71,0.24740395925452294,0.1932961473884556,12.222835215848228,-0.011834052020782693,649,15.210599806108377,-2.1249289848818407,3.619812657077299,-1.289641057705902,22.564703,130.89069,8.73151,28.502051964898758,1482.566156431686,438.0234375,924.3125,226.0888671875,91.53515625,1387.1103515625,1469.388671875,2033.611328125,1.1256198973899751,7.695974748604928,6.5648317817539965,14.535941510124413,33.654296875,204.125,227.9169921875,516.603515625,24.96484375,153.4697265625,169.986328125,398.0380859375,2004-03-11,376.33
430,431,78.45,20.25,0.2,20.7,94425.0,-1332480.0,3577,77.8081546450762,19.49700803051449,1.3516817092939684,4,2004,94,0.3271946967961522,0.2546968933918786,11.9530260047816,-0.011479030878161822,672,15.210599806108377,-2.1249289848818407,3.619812657077299,-1.289641057705902,22.564703,130.89069,8.73151,28.502051964898758,1482.566156431686,262.6650390625,933.8994140625,583.5107421875,12.576171875,1422.9677734375,1280.24609375,2108.751953125,1.8513573760823296,8.528073900981179,7.066858151647802,17.292614178176066,35.1220703125,207.2626953125,231.9580078125,524.5859375,24.021484375,150.845703125,173.1337890625,402.509765625,2004-04-03,376.33
431,432,73.05,24.3,1.05,19.25,94425.0,-1332480.0,3577,74.81499013642315,22.628754108754368,1.090171010922988,4,2004,102,0.3271946967961522,0.27582900138378863,11.862719962145935,-0.011120955353042916,680,15.210599806108377,-2.1249289848818407,3.619812657077299,-1.289641057705902,22.564703,130.89069,8.73151,28.502051964898758,1482.566156431686,159.103515625,928.9453125,676.0302734375,27.8330078125,1410.3828125,1279.091796875,2027.263671875,2.1851674874820124,11.627757593099506,11.155700141374538,15.193749397054674,35.2919921875,212.7119140625,243.5029296875,517.7744140625,24.9609375,141.7265625,173.7236328125,398.869140625,2004-04-11,376.33
432,433,68.65,28.95,0.95,18.5,94425.0,-1332480.0,3577,70.34993303302215,28.072420392084748,0.0,4,2004,110,0.3271946967961522,0.2968286090986977,11.775891237065872,-0.01062388642941059,688,15.210599806108377,-2.1249289848818407,3.619812657077299,-1.289641057705902,22.564703,130.89069,8.73151,28.502051964898758,1482.566156431686,80.431640625,858.15234375,819.490234375,33.9697265625,1349.703125,1324.37109375,1986.8359375,2.2734211986892445,13.447597337472741,14.30497934365991,21.10932479248383,35.6416015625,208.6728515625,248.6240234375,544.1767578125,21.791015625,147.525390625,167.408203125,396.54296875,2004-04-19,376.33
433,434,69.0,28.2,1.05,18.2,94425.0,-1332480.0,3577,66.89145957847381,30.527180522987294,0.9693867141780423,4,2004,111,0.3271946967961522,0.29944374050084255,11.765340313905602,-0.010550923160270287,689,15.210599806108377,-2.1249289848818407,3.619812657077299,-1.289641057705902,22.564703,130.89069,8.73151,28.502051964898758,1482.566156431686,56.130859375,861.78515625,840.158203125,33.96875,1349.7041015625,1324.37109375,1983.3232421875,2.436897798871403,13.81463357821432,14.170412702887887,22.287430307818507,36.6923828125,209.8125,246.923828125,547.0849609375,22.720703125,144.42578125,167.837890625,397.55859375,2004-04-20,376.33
434,435,62.65,34.25,1.5,17.3,94425.0,-1332480.0,3577,63.63595483008119,32.58503851820611,2.302568475050376,4,2004,119,0.3271946967961522,0.3202822309233318,11.683877734314635,-0.009870727028982174,697,15.210599806108377,-2.1249289848818407,3.619812657077299,-1.289641057705902,22.564703,130.89069,8.73151,28.502051964898758,1482.566156431686,17.9248046875,810.1064453125,930.04296875,26.6240234375,1357.048828125,1314.2021484375,1950.58203125,1.9612752323914464,12.334369176306936,16.418481867000065,29.690854626031193,35.83203125,214.4833984375,248.083984375,560.7294921875,24.4306640625,139.5859375,165.287109375,389.55859375,2004-04-28,376.33
435,436,59.9,34.4,4.35,11.85,94425.0,-1332480.0,3577,60.72598742845514,35.207887520111356,2.5384232898160985,5,2004,126,0.40471456356112473,0.33839004177513726,11.61769398543991,-0.009121004803727573,704,15.210599806108377,-2.1249289848818407,3.619812657077299,-1.289641057705902,22.564703,130.89069,8.73151,28.502051964898758,1482.566156431686,0.427734375,721.9541015625,997.626953125,63.0205078125,1358.7626953125,1304.3095703125,1957.59765625,1.742118699314645,12.821804749354646,14.295644408698383,34.85808165514785,34.87890625,208.6328125,250.3154296875,565.9423828125,24.236328125,138.6611328125,164.0166015625,382.806640625,2004-05-05,376.33
436,437,59.95,37.75,0.95,17.05,94425.0,-1332480.0,3577,60.26615860918366,36.17896793608327,2.0990820325182513,5,2004,135,0.40471456356112473,0.36148771249771944,11.541403166164846,-0.007920369677286487,713,15.210599806108377,-2.1249289848818407,3.619812657077299,-1.289641057705902,22.564703,130.89069,8.73151,28.502051964898758,1482.566156431686,1.8759765625,593.6318359375,1060.3359375,128.8525390625,1358.9267578125,1304.3095703125,1926.83203125,2.0456646712426685,11.876190103821,13.733407405907423,34.34503281860215,34.3193359375,206.9833984375,239.1865234375,570.36328125,19.8759765625,136.396484375,164.8671875,378.3662109375,2004-05-14,376.33
437,438,59.65,36.4,2.5,19.4,94425.0,-1332480.0,3577,59.61516161855829,37.29521314598156,1.7345958994563218,5,2004,143,0.40471456356112473,0.38183490972767653,11.483759067789476,-0.006616913012404524,721,15.210599806108377,-2.1249289848818407,3.619812657077299,-1.289641057705902,22.564703,130.89069,8.73151,28.502051964898758,1482.566156431686,51.1689453125,466.7548828125,1183.2607421875,131.5537109375,1360.177734375,1304.3095703125,1926.7578125,1.2385421924589934,9.060099954805281,14.227910993839652,30.753645452580276,31.208984375,202.5830078125,243.36328125,557.072265625,24.6162109375,142.8076171875,151.591796875,379.76171875,2004-05-22,376.33
438,439,59.4666666666667,37.3333333333333,1.86666666666667,18.3333333333333,94425.0,-1332465.0,3577,58.51510929729871,38.29434966477737,1.8662437665530862,5,2004,150,0.40471456356112473,0.39948857551559425,11.442625626536037,-0.005297847644733622,728,15.210599806108377,-2.1249289848818407,3.619812657077299,-1.289641057705902,22.564703,130.89069,8.73151,28.502051964898758,1482.566156431686,55.8154296875,353.3955078125,1271.623046875,156.55078125,1360.177734375,1304.3095703125,1911.3125,1.5081156670558395,8.816454854340703,10.298642147264275,31.016269312136533,33.0791015625,202.1142578125,233.7919921875,550.0810546875,23.49609375,138.396484375,167.423828125,366.2265625,2004-05-29,376.33
439,440,57.35,39.4,1.8,18.0,94425.0,-1332480.0,3577,57.17639697762684,39.18091428694558,2.3142512286471684,6,2004,158,0.479425538604203,0.4194839069007152,11.407721284928089,-0.0036108881279233174,736,15.210599806108377,-2.1249289848818407,3.619812657077299,-1.289641057705902,22.564703,130.89069,8.73151,28.502051964898758,1482.566156431686,63.103515625,213.8046875,1361.1845703125,208.32421875,1360.255859375,1304.3095703125,1911.3125,1.5855720497322785,7.580999638518525,10.294979569691492,27.474513750606004,32.9287109375,183.1650390625,233.453125,542.3134765625,20.677734375,138.29296875,163.5126953125,366.837890625,2004-06-06,376.33
440,441,56.25,40.0,2.5,17.95,94425.0,-1332480.0,3577,55.71587607438169,39.79570893502188,3.1463508627590624,6,2004,167,0.479425538604203,0.44173731510172215,11.385448178468641,-0.0015461462800860915,745,15.210599806108377,-2.1249289848818407,3.619812657077299,-1.289641057705902,22.564703,130.89069,8.73151,28.502051964898758,1482.566156431686,63.0498046875,118.021484375,1416.126953125,249.21875,1360.255859375,1304.3095703125,1911.298828125,1.861718970459529,10.728116285754442,10.48264782178006,22.71209130016446,31.5185546875,196.1044921875,227.93359375,520.50390625,20.9580078125,118.9580078125,154.9453125,376.408203125,2004-06-15,376.33
441,442,54.2,41.65,3.0,18.0,94425.0,-1332480.0,3577,53.120888811902546,41.17205539557865,4.364814854907083,6,2004,174,0.479425538604203,0.4588605374704814,11.381275786420073,0.00011935787331118775,752,15.210599806108377,-2.1249289848818407,3.619812657077299,-1.289641057705902,22.564703,130.89069,8.73151,28.502051964898758,1482.566156431686,12.6474609375,100.9931640625,1272.423828125,460.3525390625,1360.255859375,1304.30859375,1911.2861328125,1.5959141489753894,11.46188984216393,12.589835256213972,22.71862677726383,26.8193359375,181.212890625,227.623046875,515.294921875,14.927734375,89.328125,139.916015625,364.8701171875,2004-06-22,376.33
442,443,47.85,42.35,8.3,18.9,94425.0,-1332480.0,3577,50.15116910952075,42.2687025049191,6.267546385502104,6,2004,182,0.479425538604203,0.47822292126032895,11.390770301593188,0.0020093910078209376,760,15.210599806108377,-2.1249289848818407,3.619812657077299,-1.289641057705902,22.564703,130.89069,8.73151,28.502051964898758,1482.566156431686,9.1103515625,66.822265625,1218.3212890625,552.1630859375,1360.255859375,1304.30859375,1911.2861328125,1.5797551784841617,10.537779185056326,12.930675871628218,25.3708492024589,29.689453125,179.314453125,204.7822265625,514.875,13.9482421875,99.748046875,103.8759765625,333.955078125,2004-06-30,376.33
443,444,48.55,42.4,7.7,18.15,94425.0,-1332480.0,3577,48.40959644070376,43.43551819696682,6.856480980318964,7,2004,183,0.5508090958869698,0.48062725629436415,11.393011071981155,0.002240770387967217,761,15.210599806108377,-2.1249289848818407,3.619812657077299,-1.289641057705902,22.564703,130.89069,8.73151,28.502051964898758,1482.566156431686,6.98828125,58.4990234375,1196.7353515625,584.1943359375,1360.255859375,1304.30859375,1911.2861328125,1.352589488239503,10.414571040531758,12.731313889956084,26.73279377993704,30.109375,179.134765625,203.9326171875,518.14453125,13.267578125,95.5185546875,103.7158203125,329.6171875,2004-07-01,376.33
444,445,46.95,44.6,7.1,18.15,94425.0,-1332480.0,3577,46.87893726499837,44.2427681193869,7.570574884350842,7,2004,190,0.5508090958869698,0.4973555805860436,11.415024051340652,0.0038082119245217427,768,15.210599806108377,-2.1249289848818407,3.619812657077299,-1.289641057705902,22.564703,130.89069,8.73151,28.502051964898758,1482.566156431686,0.0,65.0576171875,1167.671875,613.6875,1360.255859375,1304.30859375,1911.2861328125,2.1020897675704067,9.967461203300498,11.76716052877126,28.98145984811307,33.0712890625,196.2060546875,209.244140625,494.1435546875,17.84765625,111.828125,108.7861328125,278.3876953125,2004-07-08,376.33
445,446,45.55,45.6,7.75,16.5,94425.0,-1332480.0,3577,45.774936673227046,44.98813570329926,7.917969646451436,7,2004,199,0.5508090958869698,0.5185937906461534,11.458637935679427,0.005641247993342091,777,15.210599806108377,-2.1249289848818407,3.619812657077299,-1.289641057705902,22.564703,130.89069,8.73151,28.502051964898758,1482.566156431686,0.0,64.92578125,950.0537109375,831.4375,1360.255859375,1304.291015625,1911.3037109375,1.8637905768705623,9.666887910321929,12.873113097350677,27.38497078697396,32.021484375,189.1064453125,228.546875,476.3486328125,18.6484375,104.73828125,126.8759765625,247.8779296875,2004-07-17,376.33
446,447,44.9,45.65,8.0,16.0,94425.0,-1332480.0,3577,44.7721925133623,45.74096105132574,8.159060598842661,7,2004,206,0.5508090958869698,0.5348950775076794,11.503215101470369,0.006889651470586955,784,15.210599806108377,-2.1249289848818407,3.619812657077299,-1.289641057705902,22.564703,130.89069,8.73151,28.502051964898758,1482.566156431686,0.0,64.92578125,883.6943359375,897.796875,1360.255859375,1304.2578125,1911.3369140625,1.5719565967814901,11.842013702908275,11.53067848719249,27.526769994368554,30.19140625,175.6357421875,221.1279296875,500.962890625,15.4384765625,101.9287109375,123.38671875,271.0380859375,2004-07-24,376.33
447,448,45.45,45.7,7.6,16.45,94425.0,-1332480.0,3577,44.204571434750584,45.90787633418526,8.578625863299504,7,2004,207,0.5508090958869698,0.5372079123056154,11.510269379481299,0.0070542780109299486,785,15.210599806108377,-2.1249289848818407,3.619812657077299,-1.289641057705902,22.564703,130.89069,8.73151,28.502051964898758,1482.566156431686,0.0,64.92578125,867.4609375,914.0302734375,1360.255859375,1304.2578125,1911.3369140625,1.7109723630295577,11.724918367200955,11.734456816909356,27.376306539860096,31.8505859375,174.3056640625,221.16796875,501.53515625,16.7978515625,100.1591796875,126.046875,268.6875,2004-07-25,376.33
448,449,45.85,46.65,6.1,15.85,94425.0,-1332480.0,3577,44.294708696869264,46.71784191040459,7.66599082032404,8,2004,214,0.618369803069737,0.5532838822146887,11.56396544156021,0.008108890438775163,792,15.210599806108377,-2.1249289848818407,3.619812657077299,-1.289641057705902,22.564703,130.89069,8.73151,28.502051964898758,1482.566156431686,0.0,64.880859375,785.2978515625,996.2333984375,1360.2607421875,1304.2578125,1911.3369140625,2.164976553069088,11.691339485883903,13.435890730230513,27.60127404799335,33.44140625,195.896484375,206.15625,513.357421875,15.0078125,110.5068359375,116.95703125,286.1689453125,2004-08-01,376.33
449,450,40.25,47.35,11.0,13.4,94425.0,-1332480.0,3577,44.602644569046575,47.24588430145,6.783200545583432,8,2004,215,0.618369803069737,0.5555639748167264,11.572211107004067,0.008245665443856964,793,15.210599806108377,-2.1249289848818407,3.619812657077299,-1.289641057705902,22.564703,130.89069,8.73151,28.502051964898758,1482.566156431686,0.0,64.880859375,763.9736328125,1017.5576171875,1360.2607421875,1304.2578125,1911.3369140625,2.133479284230914,12.039933802695726,12.94291189060847,28.40220459291129,33.8388671875,197.3369140625,209.1962890625,510.1572265625,13.7568359375,104.81640625,117.8271484375,287.298828125,2004-08-02,376.33
450,451,44.05,46.65,7.95,15.0,94425.0,-1332480.0,3577,43.85042001341656,47.3638106475497,7.362088376019164,8,2004,222,0.618369803069737,0.5714069053422203,11.633477045882966,0.009109074103331949,800,15.210599806108377,-2.1249289848818407,3.619812657077299,-1.289641057705902,22.564703,130.89069,8.73151,28.502051964898758,1482.566156431686,0.0,63.0498046875,617.33984375,1166.0224609375,1360.2607421875,1304.2578125,1911.3369140625,1.9075986921242762,11.208695172704827,14.17341308692664,28.47200338616908,33.228515625,198.82421875,231.17578125,490.806640625,14.296875,109.4111328125,118.5732421875,278.25,2004-08-09,376.33
451,452,44.25,47.7,6.7,15.15,94425.0,-1332480.0,3577,43.38879603368119,47.46420251574341,7.696999285543028,8,2004,223,0.618369803069737,0.5736531604577998,11.642696456140063,0.009219410257097493,801,15.210599806108377,-2.1249289848818407,3.619812657077299,-1.289641057705902,22.564703,130.89069,8.73151,28.502051964898758,1482.566156431686,0.0,63.0498046875,607.341796875,1176.0205078125,1360.2607421875,1304.2578125,1911.3369140625,1.793637716809481,11.05657032958826,14.310856408765824,28.909009996798797,32.869140625,197.994140625,233.0234375,491.5361328125,17.4169921875,106.94140625,115.341796875,283.7001953125,2004-08-10,376.33
452,453,45.1,48.0,5.4,15.2,94425.0,-1332450.0,3577,42.41379982246221,47.417048431437635,8.764264218752075,8,2004,230,0.618369803069737,0.5892554411139688,11.710064893927553,0.009906824107533296,808,15.210599806108377,-2.1249289848818407,3.619812657077299,-1.289641057705902,22.564703,130.89069,8.73151,28.502051964898758,1482.566156431686,0.0,59.9970703125,491.322265625,1295.091796875,1360.26171875,1304.2578125,1911.3369140625,1.820647721917107,12.535219574677619,12.850208046397741,31.485409588655266,33.638671875,195.943359375,230.86328125,503.3916015625,15.6767578125,95.5615234375,124.3583984375,272.9951171875,2004-08-17,376.33
453,454,42.7,49.5,6.35,14.35,94425.0,-1332480.0,3577,41.48929831777509,47.39675247352558,9.715581631988847,8,2004,231,0.618369803069737,0.5914667797070804,11.720058376347582,0.009993482420028954,809,15.210599806108377,-2.1249289848818407,3.619812657077299,-1.289641057705902,22.564703,130.89069,8.73151,28.502051964898758,1482.566156431686,0.0,38.376953125,504.373046875,1303.6611328125,1360.26171875,1304.2578125,1911.3369140625,2.1607297485868644,12.253067061424577,13.47000299979711,30.659053794546736,33.9892578125,196.283203125,231.462890625,507.1298828125,16.216796875,96.12109375,122.208984375,270.43359375,2004-08-18,376.33
454,455,37.15,44.6,16.9,15.0,94425.0,-1332480.0,3577,40.13977462165717,47.50917101473668,11.019363917814282,8,2004,238,0.618369803069737,0.6068209156094186,11.792216100650641,0.01052644601157482,816,15.210599806108377,-2.1249289848818407,3.619812657077299,-1.289641057705902,22.564703,130.89069,8.73151,28.502051964898758,1482.566156431686,0.0,9.1103515625,455.6650390625,1381.6357421875,1360.26171875,1304.2578125,1911.3369140625,2.0738250305401285,12.841086836016956,14.41379681001144,31.186144903735375,33.4189453125,195.7236328125,230.2724609375,529.396484375,17.2666015625,94.0029296875,112.337890625,274.8154296875,2004-08-25,376.33
455,456,35.75,47.35,15.55,14.45,94425.0,-1332480.0,3577,39.44829180107229,47.89525644633288,11.384501721187323,8,2004,239,0.618369803069737,0.6089962754169406,11.802808772939885,0.010592672289243765,817,15.210599806108377,-2.1249289848818407,3.619812657077299,-1.289641057705902,22.564703,130.89069,8.73151,28.502051964898758,1482.566156431686,0.0,9.1103515625,427.6337890625,1409.6669921875,1360.26171875,1304.2578125,1911.3369140625,2.028844041409375,12.928375238187648,14.050377336094678,31.61382079261991,33.5185546875,195.8232421875,230.79296875,529.984375,18.7666015625,95.912109375,109.138671875,273.3740234375,2004-08-26,376.33
456,457,43.8,49.0,6.2,15.4,94425.0,-1332435.0,3577,38.396548961868305,48.408662235589986,11.962445603929885,9,2004,246,0.6816387600233341,0.6240948908825068,11.878621854031948,0.01099355850900885,824,15.210599806108377,-2.1249289848818407,3.619812657077299,-1.289641057705902,22.564703,130.89069,8.73151,28.502051964898758,1482.566156431686,0.88671875,0.0,310.1337890625,1536.275390625,1360.263671875,1304.2578125,1911.3369140625,1.4002330403504044,11.374743542729341,14.957219279597023,31.353341719948766,30.8212890625,204.1533203125,229.341796875,527.75390625,23.5458984375,118.04296875,114.6787109375,267.1708984375,2004-09-02,376.33
457,458,35.95,49.65,13.2,13.55,94425.0,-1332480.0,3577,38.45599788614976,48.88675737433802,11.45190600280494,9,2004,247,0.6816387600233341,0.6262332269244854,11.889664241734003,0.011042387702055123,825,15.210599806108377,-2.1249289848818407,3.619812657077299,-1.289641057705902,22.564703,130.89069,8.73151,28.502051964898758,1482.566156431686,0.88671875,0.0,282.09375,1564.3154296875,1360.263671875,1304.2578125,1911.3369140625,2.3538226903568766,10.752790147864248,14.803287775142655,32.04645437784785,33.4814453125,200.935546875,231.572265625,526.86328125,20.3759765625,121.8115234375,117.7587890625,266.6015625,2004-09-03,376.33
458,459,39.35,50.05,9.3,14.5,94425.0,-1332480.0,3577,38.483205564483235,49.699652121021,10.668127299099531,9,2004,254,0.6816387600233341,0.6410690690149683,11.968164976261734,0.011330227645455437,832,15.210599806108377,-2.1249289848818407,3.619812657077299,-1.289641057705902,22.564703,130.89069,8.73151,28.502051964898758,1482.566156431686,0.88671875,0.0,217.08203125,1629.3232421875,1360.267578125,1304.2578125,1910.6328125,1.9279169198851591,13.330609028492464,13.106612838221125,33.3797391531934,35.5810546875,199.2158203125,234.4169921875,526.97265625,21.166015625,108.81640625,142.1875,262.1513671875,2004-09-10,376.33
459,460,38.45,49.75,10.65,13.95,94425.0,-1332480.0,3577,38.419195004998144,50.411396041697955,9.990561849010593,9,2004,255,0.6816387600233341,0.6431693540965963,11.979528962491102,0.01136398622936774,833,15.210599806108377,-2.1249289848818407,3.619812657077299,-1.289641057705902,22.564703,130.89069,8.73151,28.502051964898758,1482.566156431686,0.88671875,0.0,193.1015625,1653.302734375,1360.2685546875,1304.2578125,1910.6328125,2.0926537216441154,12.682076183089556,13.563489010511507,33.14935664390488,35.19140625,201.9462890625,232.62890625,528.8125,22.8857421875,111.056640625,143.146484375,261.5615234375,2004-09-11,376.33
460,461,40.9090909090909,49.9090909090909,7.90909090909091,14.4545454545455,94430.4545454545,-1332454.09090909,3577,39.3174811293792,49.947039431593566,9.476780222013375,9,2004,262,0.6816387600233341,0.6577352961024162,12.05987546002561,0.011551599882047014,840,15.210599806108377,-2.1249289848818407,3.619812657077299,-1.289641057705902,22.564703,130.89069,8.73151,28.502051964898758,1482.566156431686,0.88671875,0.0,121.056640625,1725.34765625,1348.26953125,1316.2568359375,1910.6328125,2.5397728236660164,15.505637793843473,14.774729904733672,32.662468318321714,35.220703125,204.826171875,237.1376953125,530.6484375,19.81640625,119.056640625,133.9423828125,295.5693359375,2004-09-18,376.33
461,462,35.6,49.7,13.4,12.85,94425.0,-1332480.0,3577,38.39262129355397,49.27696616491042,11.016607467071697,9,2004,263,0.6816387600233341,0.6597965213074676,12.071447034841347,0.01157157481573634,841,15.210599806108377,-2.1249289848818407,3.619812657077299,-1.289641057705902,22.564703,130.89069,8.73151,28.502051964898758,1482.566156431686,0.88671875,0.0,120.2900390625,1726.1142578125,1348.26953125,1316.2568359375,1910.6328125,2.495069673702708,15.65124578072625,14.434795670086036,33.220449450082725,35.7109375,204.1162109375,241.2177734375,530.6904296875,20.3662109375,117.6171875,137.83203125,296.23828125,2004-09-19,376.33
462,463,38.1,49.45,11.3,13.15,94425.0,-1332480.0,3577,37.13582722992896,48.39677202083785,13.1495266069772,9,2004,270,0.6816387600233341,0.6740855661712415,12.152864553502909,0.011663696277551594,848,15.210599806108377,-2.1249289848818407,3.619812657077299,-1.289641057705902,22.564703,130.89069,8.73151,28.502051964898758,1482.566156431686,0.88671875,0.0,77.4287109375,1768.033203125,1349.2119140625,1316.2568359375,1910.6328125,2.7223235087624946,14.789364051562101,18.146315454428958,32.85195734502611,36.62109375,210.3369140625,239.8271484375,540.3359375,19.4560546875,117.076171875,137.9833984375,316.3115234375,2004-09-26,376.33
463,464,38.15,48.8,11.75,12.25,94425.0,-1332480.0,3577,39.06165040537559,49.731212593226886,9.963205343842159,10,2004,279,0.7401768531960371,0.6920921792562543,12.257898145665783,0.011653137581047801,857,15.210599806108377,-2.1249289848818407,3.619812657077299,-1.289641057705902,22.564703,130.89069,8.73151,28.502051964898758,1482.566156431686,0.0,0.88671875,65.0576171875,1780.326171875,1349.2900390625,1316.255859375,1910.6318359375,3.1493759724490884,14.482136192422766,17.365353333669546,37.70519088507947,38.7841796875,221.404296875,249.0771484375,552.0771484375,21.318359375,130.51171875,138.7119140625,313.77734375,2004-10-05,376.33
464,465,39.85,47.2,11.35,12.55,94425.0,-1332480.0,3577,38.299633713193245,49.6580552899853,10.823735943051583,10,2004,286,0.7401768531960371,0.7058069740145997,12.339042983632998,0.011530740893071822,864,15.210599806108377,-2.1249289848818407,3.619812657077299,-1.289641057705902,22.564703,130.89069,8.73151,28.502051964898758,1482.566156431686,0.0009765625,0.88671875,64.92578125,1764.2109375,1365.537109375,1310.876953125,1916.0107421875,2.805946608029181,15.485247596317407,17.631512164871854,40.635748548662974,38.9443359375,226.7744140625,260.1884765625,559.9365234375,23.267578125,135.1787109375,151.830078125,314.6572265625,2004-10-12,376.33
465,466,38.95,48.2,11.75,12.6,94425.0,-1332480.0,3577,37.335572379382995,49.18716418011756,12.217286925228724,10,2004,302,0.7401768531960371,0.7361723476763936,12.518022921879654,0.010761125130857252,880,15.210599806108377,-2.1249289848818407,3.619812657077299,-1.289641057705902,22.564703,130.89069,8.73151,28.502051964898758,1482.566156431686,0.0107421875,0.88671875,64.880859375,1758.119140625,1369.1005859375,1230.9306640625,1951.49609375,3.085578268505272,17.485083348184133,16.24697825436334,41.10712369083705,40.0537109375,235.1240234375,253.94921875,599.9560546875,24.3984375,145.4580078125,158.78515625,356.373046875,2004-10-28,376.33
466,467,31.4736842105263,52.7368421052632,14.8421052631579,9.05263157894737,94421.8421052632,-1332482.36842105,3577,37.19397190718127,47.78101570092872,13.794480515408878,11,2004,311,0.793577803248942,0.7526349479176189,12.61098039455272,0.009933355624117013,889,15.210599806108377,-2.1249289848818407,3.619812657077299,-1.289641057705902,22.564703,130.89069,8.73151,28.502051964898758,1482.566156431686,0.015625,0.88671875,63.103515625,1721.7861328125,1377.46484375,1256.84765625,1926.2861328125,2.947812162281147,17.5496409727828,21.712223821535716,40.00546584743273,39.6123046875,233.6767578125,279.0673828125,594.966796875,24.595703125,152.1201171875,173.3857421875,366.6083984375,2004-11-06,376.33
467,468,43.1,46.95,8.75,13.7,94425.0,-1332480.0,3577,37.95635492501064,46.166674453126745,14.653433518573095,11,2004,318,0.793577803248942,0.7651233475735113,12.677082352396177,0.009042375217228837,896,15.210599806108377,-2.1249289848818407,3.619812657077299,-1.289641057705902,22.564703,130.89069,8.73151,28.502051964898758,1482.566156431686,1.162109375,0.888671875,60.6611328125,1663.2998046875,1438.3935546875,1225.68359375,1943.84765625,2.655051026624875,15.637821274572534,20.497453135063946,43.51523080633308,38.83203125,230.001953125,273.2890625,610.0849609375,25.3759765625,151.6552734375,176.7158203125,381.4072265625,2004-11-13,376.33
468,469,40.5,48.9,9.2,12.6,94425.0,-1332480.0,3577,37.23007710880708,45.80546917640906,15.70011127050977,11,2004,319,0.793577803248942,0.7668845388475947,12.685978165130589,0.00889581273441209,897,15.210599806108377,-2.1249289848818407,3.619812657077299,-1.289641057705902,22.564703,130.89069,8.73151,28.502051964898758,1482.566156431686,1.162109375,0.888671875,60.6611328125,1658.369140625,1443.32421875,1224.158203125,1920.150390625,3.5997196454890714,16.029590510039945,20.015363566700955,43.92435191341882,41.7119140625,233.2216796875,269.9970703125,613.4453125,26.4462890625,152.78515625,175.7041015625,383.5771484375,2004-11-14,376.33
469,470,27.5,34.5,36.5,12.0,94380.0,-1332435.0,3577,37.2311558858228,46.42130576771403,15.08163264550117,11,2004,326,0.793577803248942,0.7790509663129592,12.743722578190905,0.0077286736577732995,904,15.210599806108377,-2.1249289848818407,3.619812657077299,-1.289641057705902,22.564703,130.89069,8.73151,28.502051964898758,1482.566156431686,1.2666015625,0.8974609375,12.6474609375,1705.3828125,1437.94140625,1212.0126953125,1904.443359375,2.876245932186263,17.80669717000166,19.629310155529016,47.27687428418478,39.2919921875,240.841796875,274.93359375,626.8427734375,25.9658203125,154.99609375,179.2314453125,397.8359375,2004-11-21,376.33
470,471,45.45,47.1,6.15,13.55,94425.0,-1332480.0,3577,40.38392619682142,45.0187376009942,13.248762208133702,11,2004,327,0.793577803248942,0.7807657406186524,12.751264129210702,0.0075415510197966995,905,15.210599806108377,-2.1249289848818407,3.619812657077299,-1.289641057705902,22.564703,130.89069,8.73151,28.502051964898758,1482.566156431686,32.3408203125,0.8974609375,12.6474609375,1705.3828125,1437.94140625,1212.009765625,1904.4462890625,2.4449564548017944,17.648033649207544,19.98492069912767,47.15225765713885,38.58203125,239.181640625,276.84375,627.0107421875,22.765625,154.90625,180.7314453125,398.9033203125,2004-11-22,376.33
471,472,47.9,44.35,6.7,14.65,94425.0,-1332480.0,3577,43.615964070955926,43.064942837830316,11.906265817446213,11,2004,334,0.793577803248942,0.7926043514935122,12.798392221866987,0.006091201368766619,912,15.210599806108377,-2.1249289848818407,3.619812657077299,-1.289641057705902,22.564703,130.89069,8.73151,28.502051964898758,1482.566156431686,132.6220703125,0.8974609375,0.0,1689.9443359375,1397.7138671875,1232.3212890625,1868.3515625,2.9344134709465695,11.058678265359848,20.09299010400934,45.4249545347308,37.65234375,214.3818359375,277.763671875,624.787109375,24.3359375,142.765625,177.671875,406.2490234375,2004-11-29,376.33
472,473,43.6,46.6,8.2,19.8,94377.0,-1332471.0,3577,49.88368038185608,40.39563817312928,8.319674142053541,11,2004,335,0.793577803248942,0.7942718851028194,12.804256814695966,0.0058645928289795535,913,15.210599806108377,-2.1249289848818407,3.619812657077299,-1.289641057705902,22.564703,130.89069,8.73151,28.502051964898758,1482.566156431686,132.6171875,0.90234375,0.0,1689.9443359375,1367.0927734375,1244.85546875,1883.82421875,2.742603875349255,12.306815512257534,18.36321340813833,46.095636095130246,37.982421875,216.72265625,271.2236328125,627.734375,25.185546875,143.6357421875,175.921875,406.20703125,2004-11-30,376.33
473,474,50.4,41.05,7.1,13.7,94425.0,-1332480.0,3577,54.503179926631944,37.619793161045486,6.506540318894734,12,2004,343,0.8414709848078965,0.8073964843387994,12.84248776970657,0.0038961828357582107,921,15.210599806108377,-2.1249289848818407,3.619812657077299,-1.289641057705902,22.564703,130.89069,8.73151,28.502051964898758,1482.566156431686,134.0166015625,0.015625,0.88671875,1638.0927734375,1377.03125,1236.73828125,1816.927734375,2.523751884695203,15.15553184631266,15.985862660486998,43.22669729193494,38.4091796875,228.6943359375,258.185546875,623.720703125,27.716796875,149.7724609375,170.03125,405.53515625,2004-12-08,376.33
474,475,65.875,27.75,5.125,16.5625,94421.25,-1332491.25,3577,60.406647686669615,33.26243423758407,4.991449262810747,1,2005,17,0.08323691620031025,0.04655850526789941,12.776697499598718,-0.006658062313857016,961,15.210599806108377,-2.1249289848818407,3.619812657077299,-1.289641057705902,22.564703,130.89069,8.73151,28.502051964898758,1482.566156431686,365.2255859375,170.1962890625,0.8916015625,1015.2958984375,1607.73046875,1394.056640625,1538.1787109375,0.9679853563905862,7.716839836137863,10.257017702700846,18.128530497483226,32.41796875,203.2685546875,237.39453125,528.521484375,25.2236328125,150.7646484375,173.0078125,392.6953125,2005-01-17,378.45
475,476,69.25,22.05,7.15,13.9,94425.0,-1332480.0,3577,63.198216566705575,29.50167464114392,5.961787979821143,1,2005,25,0.08323691620031025,0.0684396094589796,12.716137184989554,-0.008232141804773718,969,15.210599806108377,-2.1249289848818407,3.619812657077299,-1.289641057705902,22.564703,130.89069,8.73151,28.502051964898758,1482.566156431686,328.46875,226.0068359375,0.8974609375,948.6201171875,1625.7734375,1436.345703125,1493.25,1.5596219162073899,8.016804537381317,9.221096242087155,17.401770438514333,36.177734375,206.177734375,238.986328125,519.5322265625,27.2841796875,151.943359375,176.8984375,392.98046875,2005-01-25,378.45
476,477,61.3,29.9,7.6,12.2,94425.0,-1332480.0,3577,66.92967968562944,23.986574184326017,7.650550455735069,2,2005,32,0.16589613269341502,0.087558965600782,12.653931159440999,-0.009341905806012463,976,15.210599806108377,-2.1249289848818407,3.619812657077299,-1.289641057705902,22.564703,130.89069,8.73151,28.502051964898758,1482.566156431686,116.859375,465.38671875,0.90234375,856.5712890625,1645.4921875,1414.86328125,1466.1884765625,1.406221247854731,8.308022064815821,9.576426453588706,21.80153460775803,35.2978515625,209.828125,242.35546875,543.38671875,24.25390625,153.734375,179.2275390625,399.154296875,2005-02-01,378.45
477,478,73.9,22.7,2.0,17.7,94425.0,-1332450.0,3577,70.09232717745603,22.554315421417314,5.913590898264938,2,2005,40,0.16589613269341502,0.10936981646984724,12.574613099778391,-0.010316573398807094,984,15.210599806108377,-2.1249289848818407,3.619812657077299,-1.289641057705902,22.564703,130.89069,8.73151,28.502051964898758,1482.566156431686,273.5087890625,508.828125,2.05078125,696.0029296875,1751.3662109375,1411.8896484375,1426.478515625,1.3778044470573994,5.495058172167401,9.28568124625816,21.596688559283606,34.4736328125,191.7744140625,243.921875,549.927734375,25.3984375,145.478515625,180.2822265625,404.9541015625,2005-02-09,378.45
478,479,59.5,23.75,15.5,9.35,94425.0,-1332480.0,3577,70.299021412014,22.335992877088607,6.018688432309824,2,2005,41,0.16589613269341502,0.11209269335562372,12.564195232055956,-0.010417867722434693,985,15.210599806108377,-2.1249289848818407,3.619812657077299,-1.289641057705902,22.564703,130.89069,8.73151,28.502051964898758,1482.566156431686,272.634765625,509.7021484375,2.05078125,680.3896484375,1754.4599609375,1398.9052734375,1447.830078125,1.6167480842511754,6.138367614830286,8.872893355901537,21.595196980042434,35.5439453125,195.7939453125,240.4580078125,551.1376953125,26.078125,147.138671875,177.5966796875,406.2939453125,2005-02-10,378.45
479,480,77.05,20.9,0.6,19.05,94425.0,-1332480.0,3577,69.71079856674791,22.786662408795223,6.204328411525626,2,2005,48,0.16589613269341502,0.1311281292413771,12.488784724956865,-0.011011204282535658,992,15.210599806108377,-2.1249289848818407,3.619812657077299,-1.289641057705902,22.564703,130.89069,8.73151,28.502051964898758,1482.566156431686,296.544921875,535.8359375,2.1640625,567.12109375,1738.7548828125,1290.1572265625,1483.466796875,1.425203232758351,9.214996450094556,7.755115699081461,21.246994093856813,35.50390625,213.302734375,231.337890625,552.609375,24.337890625,150.8779296875,173.216796875,406.9921875,2005-02-17,378.45
480,481,73.9,22.05,2.5,18.3,94425.0,-1332480.0,3577,71.69059462208546,21.71050628937301,5.396679404186339,2,2005,49,0.16589613269341502,0.1338437033818601,12.477704243144593,-0.011080481812271614,993,15.210599806108377,-2.1249289848818407,3.619812657077299,-1.289641057705902,22.564703,130.89069,8.73151,28.502051964898758,1482.566156431686,296.544921875,535.8359375,2.1640625,551.3193359375,1732.7685546875,1308.2919921875,1450.4951171875,1.6766744736132573,9.150435475726052,8.613302856337132,20.621935149928163,36.2138671875,213.322265625,236.05859375,549.53515625,25.587890625,149.09765625,175.537109375,404.9560546875,2005-02-18,378.45
481,482,76.875,19.375,2.625,23.875,94455.0,-1332502.5,3577,73.79932018444848,20.546561410722425,4.539106713719038,2,2005,56,0.16589613269341502,0.15282345185103158,12.398493169807352,-0.011469264366546383,1000,15.210599806108377,-2.1249289848818407,3.619812657077299,-1.289641057705902,22.564703,130.89069,8.73151,28.502051964898758,1482.566156431686,364.7734375,427.08203125,133.369140625,470.7158203125,1673.373046875,1307.3857421875,1490.90234375,1.75899225941063,9.214635998030158,10.82710994933931,19.26505615686099,36.3740234375,212.142578125,249.5361328125,541.1982421875,26.66796875,145.568359375,174.685546875,403.35546875,2005-02-25,378.45
482,483,60.0,26.0,13.5,20.0,94380.0,-1332435.0,3577,74.37432126695721,20.480519712482597,4.075257637099132,2,2005,57,0.16589613269341502,0.1555304187629216,12.386981092120521,-0.011512077686830935,1001,15.210599806108377,-2.1249289848818407,3.619812657077299,-1.289641057705902,22.564703,130.89069,8.73151,28.502051964898758,1482.566156431686,365.4208984375,426.931640625,133.51953125,464.775390625,1664.4619140625,1315.70703125,1485.6884765625,1.5337219547589573,9.156932494120944,11.266119379786844,19.495459594982158,36.32421875,212.3828125,250.56640625,542.3837890625,26.3681640625,147.328125,173.8759765625,402.6494140625,2005-02-26,378.45
483,484,80.85,18.05,0.05,17.05,94425.0,-1332480.0,3577,73.23729784146646,22.09624910692692,3.605416874146986,3,2005,80,0.24740395925452294,0.21742744196619432,12.116318362156486,-0.011812667220400641,1024,15.210599806108377,-2.1249289848818407,3.619812657077299,-1.289641057705902,22.564703,130.89069,8.73151,28.502051964898758,1482.566156431686,323.6689453125,621.7001953125,212.0517578125,121.943359375,1752.564453125,1426.259765625,1409.5615234375,1.1620289344068067,5.046233374962979,8.698034892928098,23.41035047756079,33.2841796875,191.884765625,241.2880859375,563.923828125,25.544921875,145.9697265625,174.6953125,392.541015625,2005-03-21,378.45
484,485,79.6,18.15,0.85,17.1,94425.0,-1332480.0,3577,73.58109401189205,22.45326840748943,2.831562852171033,3,2005,81,0.24740395925452294,0.2201008047601089,12.104517625974855,-0.011800736181630356,1025,15.210599806108377,-2.1249289848818407,3.619812657077299,-1.289641057705902,22.564703,130.89069,8.73151,28.502051964898758,1482.566156431686,316.1259765625,631.6259765625,212.0517578125,121.943359375,1752.4921875,1426.33203125,1409.2890625,1.0963554317832778,5.418175181233361,8.244095768715543,23.113161606569932,33.8935546875,193.4248046875,238.2978515625,562.9443359375,25.4248046875,147.689453125,172.8251953125,394.587890625,2005-03-22,378.45
485,486,71.6,25.55,1.55,17.5,94425.0,-1332480.0,3577,71.90854763208667,23.48570487276752,3.3756399336360072,3,2005,89,0.24740395925452294,0.24142654866249988,12.010760802407965,-0.011639499677512433,1033,15.210599806108377,-2.1249289848818407,3.619812657077299,-1.289641057705902,22.564703,130.89069,8.73151,28.502051964898758,1482.566156431686,278.94140625,671.3994140625,269.6875,78.3154296875,1788.9443359375,1414.556640625,1372.4921875,1.6890674933936602,9.937532733876822,6.803034846157724,20.01704353328749,35.59375,212.0126953125,228.8984375,548.6748046875,25.53515625,150.7099609375,174.4345703125,391.0439453125,2005-03-30,378.45
486,487,64.3,29.85,4.5,15.35,94425.0,-1332480.0,3577,72.78781570798976,24.14408229459604,1.682388635480286,4,2005,96,0.3271946967961522,0.25999178818616486,11.93018319103178,-0.011401551943812649,1040,15.210599806108377,-2.1249289848818407,3.619812657077299,-1.289641057705902,22.564703,130.89069,8.73151,28.502051964898758,1482.566156431686,222.10546875,495.6865234375,506.4873046875,65.9443359375,1792.0556640625,1423.421875,1271.595703125,1.8403057408537762,10.72444748888277,11.626600227270481,17.16176710298191,34.4521484375,210.8447265625,247.6064453125,534.21484375,22.8212890625,147.5732421875,176.2451171875,397.2099609375,2005-04-06,378.45
487,488,74.15,23.0,1.4,19.15,94425.0,-1332480.0,3577,72.37243869865405,25.057368238731613,1.0523881284104577,4,2005,97,0.3271946967961522,0.26263631823147177,11.91882331532403,-0.011359875707750433,1041,15.210599806108377,-2.1249289848818407,3.619812657077299,-1.289641057705902,22.564703,130.89069,8.73151,28.502051964898758,1482.566156431686,222.10546875,495.6865234375,506.4873046875,65.9443359375,1792.00390625,1423.4677734375,1267.2998046875,1.8281863197711308,10.73273715207805,12.169791582417634,17.206565573144275,34.6416015625,209.703125,249.2265625,533.4541015625,23.62109375,144.9794921875,178.1552734375,395.01953125,2005-04-07,378.45
488,489,73.5,24.0,0.9,18.4,94425.0,-1332480.0,3577,72.35927035730012,25.29959983392471,0.8233620827598735,4,2005,104,0.3271946967961522,0.28109172038566477,11.840642638629369,-0.011010496516668411,1048,15.210599806108377,-2.1249289848818407,3.619812657077299,-1.289641057705902,22.564703,130.89069,8.73151,28.502051964898758,1482.566156431686,179.3720703125,552.7412109375,513.7041015625,65.8154296875,1792.0439453125,1350.0537109375,1330.5205078125,1.8252447684035689,9.4642643422944,12.560923471849181,21.132261386846366,35.7021484375,209.6328125,244.3447265625,544.3828125,24.3310546875,145.35546875,168.6005859375,400.349609375,2005-04-14,378.45
489,490,73.35,24.9,0.4,19.7,94425.0,-1332480.0,3577,69.85213767818233,26.84387304889592,1.874103458867721,4,2005,105,0.3271946967961522,0.2837199249069785,11.829690715511916,-0.010951923117453077,1049,15.210599806108377,-2.1249289848818407,3.619812657077299,-1.289641057705902,22.564703,130.89069,8.73151,28.502051964898758,1482.566156431686,152.216796875,573.3896484375,520.208984375,65.8173828125,1792.0439453125,1349.9599609375,1330.6142578125,1.8335863154566816,9.119274511685006,13.030455400260573,21.962353821688275,35.681640625,209.6025390625,245.3134765625,546.8623046875,24.2607421875,146.10546875,167.537109375,400.7392578125,2005-04-15,378.45
490,491,68.8,28.7,1.0,19.6,94425.0,-1332480.0,3577,71.13221324869276,26.84134681514922,0.591197412657321,4,2005,112,0.3271946967961522,0.3020566242501205,11.754864917879495,-0.010475396026107475,1056,15.210599806108377,-2.1249289848818407,3.619812657077299,-1.289641057705902,22.564703,130.89069,8.73151,28.502051964898758,1482.566156431686,80.9833984375,612.62890625,552.5947265625,65.8232421875,1791.9541015625,1349.79296875,1324.37109375,1.940430274199055,12.134084623360343,10.952860827141688,28.189774375791124,35.2822265625,213.931640625,245.2841796875,563.27734375,21.3212890625,133.4453125,170.3662109375,393.841796875,2005-04-22,378.45
491,492,69.7368421052632,28.1052631578947,0.684210526315789,18.6315789473684,94421.8421052632,-1332482.36842105,3577,70.10200384590733,28.166265883371,0.2508618235275835,4,2005,113,0.3271946967961522,0.30466724073398044,11.744467662273346,-0.010397255606148903,1057,15.210599806108377,-2.1249289848818407,3.619812657077299,-1.289641057705902,22.564703,130.89069,8.73151,28.502051964898758,1482.566156431686,37.9619140625,657.7216796875,554.4755859375,65.8232421875,1784.6982421875,1357.048828125,1324.37109375,1.7084910018457342,12.188834242597302,10.998981989383852,28.74050914599971,34.1923828125,213.4716796875,244.6943359375,565.6357421875,21.6513671875,132.2158203125,169.076171875,394.177734375,2005-04-23,378.45
492,493,67.4,30.8,0.4,19.4,94425.0,-1332435.0,3577,66.93827313308145,30.950723506568632,0.6417538221920507,4,2005,120,0.3271946967961522,0.32287642884589046,11.67410484382105,-0.00977289049358454,1064,15.210599806108377,-2.1249289848818407,3.619812657077299,-1.289641057705902,22.564703,130.89069,8.73151,28.502051964898758,1482.566156431686,30.3330078125,651.59375,568.4189453125,65.783203125,1784.7431640625,1357.048828125,1304.3095703125,2.253423055797647,11.896536737070283,13.897325244443037,27.56969955296593,34.8017578125,208.783203125,247.6640625,561.103515625,23.1611328125,142.8564453125,153.8671875,385.0986328125,2005-04-30,378.45
493,494,64.5,33.0,1.1,17.95,94425.0,-1332480.0,3577,63.92804969186613,33.63034926617607,0.9764838957684159,5,2005,121,0.40471456356112473,0.32546820322762066,11.66443280166225,-0.00967204215880102,1065,15.210599806108377,-2.1249289848818407,3.619812657077299,-1.289641057705902,22.564703,130.89069,8.73151,28.502051964898758,1482.566156431686,26.2607421875,655.666015625,568.4189453125,65.783203125,1783.029296875,1358.7626953125,1304.3095703125,2.094278261923107,12.433784949524544,13.652764534667664,27.829732435483116,35.1318359375,209.052734375,246.6142578125,561.921875,20.12109375,143.81640625,153.7578125,382.7646484375,2005-05-01,378.45
494,495,59.55,37.45,1.45,16.5,94425.0,-1332480.0,3577,62.075666577180854,35.53231162677429,0.9257961038471305,5,2005,128,0.40471456356112473,0.34354113294082655,11.599814896505036,-0.008877953463199972,1072,15.210599806108377,-2.1249289848818407,3.619812657077299,-1.289641057705902,22.564703,130.89069,8.73151,28.502051964898758,1482.566156431686,26.08203125,440.7783203125,783.4853515625,64.005859375,1784.642578125,1358.9267578125,1304.3095703125,1.8667220918310885,11.753279375520338,14.52806321144765,28.452041569890206,33.859375,204.8740234375,244.1845703125,563.22265625,22.685546875,137.056640625,163.9375,368.9853515625,2005-05-08,378.45
495,496,62.8571428571429,35.1428571428571,0.428571428571429,17.5714285714286,94437.8571428571,-1332443.57142857,3577,58.382786864422286,37.06268289311568,3.108326462521858,5,2005,129,0.40471456356112473,0.34611282020695194,11.59106347257106,-0.008751423933976099,1073,15.210599806108377,-2.1249289848818407,3.619812657077299,-1.289641057705902,22.564703,130.89069,8.73151,28.502051964898758,1482.566156431686,26.08203125,440.7783203125,782.3369140625,65.154296875,1784.642578125,1358.9267578125,1304.3095703125,2.0612310784523853,11.795195951462981,14.355776812439782,28.609573992066586,35.0087890625,203.904296875,244.1513671875,561.7529296875,22.416015625,136.646484375,162.4326171875,369.7451171875,2005-05-09,378.45
496,497,53.1,41.55,3.95,16.45,94425.0,-1332480.0,3577,58.04977049726875,40.1569952588224,0.4040271362985428,5,2005,137,0.40471456356112473,0.3665911745948919,11.526017975423333,-0.007615501001248859,1081,15.210599806108377,-2.1249289848818407,3.619812657077299,-1.289641057705902,22.564703,130.89069,8.73151,28.502051964898758,1482.566156431686,4.318359375,427.0625,817.9716796875,62.7314453125,1787.072265625,1358.939453125,1304.3095703125,1.9842071832085626,12.203798236553343,13.3967348236448,32.232255392238734,34.6591796875,206.943359375,238.703125,560.216796875,15.99609375,124.17578125,159.4716796875,364.3974609375,2005-05-17,378.45
497,498,55.8,39.95,3.05,17.75,94425.0,-1332480.0,3577,54.43611147691319,41.368981271288916,2.7710286780186504,5,2005,144,0.40471456356112473,0.38436561199709685,11.477320682725185,-0.006438385064290841,1088,15.210599806108377,-2.1249289848818407,3.619812657077299,-1.289641057705902,22.564703,130.89069,8.73151,28.502051964898758,1482.566156431686,0.2451171875,343.564453125,825.267578125,94.9931640625,1833.84765625,1360.177734375,1304.3095703125,1.8095574490298054,11.511355652148742,14.188005419761906,31.976225681215872,31.96875,193.82421875,241.6025390625,552.3056640625,21.3359375,112.2666015625,140.171875,370.111328125,2005-05-24,378.45
498,499,53.6,42.1,2.9,16.9,94425.0,-1332480.0,3577,51.71623758349399,42.352069065033234,4.579061406248273,6,2005,153,0.479425538604203,0.407009831352486,11.427950629541279,-0.004685649857218976,1097,15.210599806108377,-2.1249289848818407,3.619812657077299,-1.289641057705902,22.564703,130.89069,8.73151,28.502051964898758,1482.566156431686,0.1748046875,263.0673828125,854.6611328125,133.51953125,1846.4951171875,1360.177734375,1304.3095703125,1.9115576279332365,12.09740139399396,13.231802702305377,31.616356649047972,32.0185546875,191.494140625,225.86328125,545.994140625,14.6376953125,117.0458984375,144.33203125,333.435546875,2005-06-02,378.45
499,500,46.2,44.4,8.1,17.65,94425.0,-1332480.0,3577,48.54085182103033,43.27864885371979,6.9113985086111,6,2005,160,0.479425538604203,0.4244516272420487,11.401168156168831,-0.0031644134675854474,1104,15.210599806108377,-2.1249289848818407,3.619812657077299,-1.289641057705902,22.564703,130.89069,8.73151,28.502051964898758,1482.566156431686,0.080078125,210.5673828125,895.8017578125,144.9736328125,1846.4169921875,1360.255859375,1304.3095703125,2.136601492472565,11.382664371631318,14.008959021927197,31.451424527708546,34.4189453125,202.9052734375,223.5126953125,533.154296875,21.8583984375,120.408203125,131.68359375,318.2958984375,2005-06-09,378.45
500,501,47.8,43.2,7.7,17.6,94425.0,-1332480.0,3577,45.10783458027366,42.90951045857526,10.74574759605559,6,2005,161,0.479425538604203,0.4269307177680907,11.39823004393111,-0.0029381122377216684,1105,15.210599806108377,-2.1249289848818407,3.619812657077299,-1.289641057705902,22.564703,130.89069,8.73151,28.502051964898758,1482.566156431686,0.0,209.5322265625,896.169921875,145.720703125,1846.4169921875,1360.255859375,1304.3095703125,2.020562083992089,11.705194336258142,13.801461563449259,31.68053954907443,33.8994140625,204.705078125,223.2724609375,530.7548828125,21.408203125,124.3486328125,128.8955078125,315.8857421875,2005-06-10,378.45
501,502,48.0,45.15,5.5,16.9,94425.0,-1332480.0,3577,42.26242983022537,42.24356835114719,14.247384349394604,6,2005,168,0.479425538604203,0.4441935841357956,11.384138332396772,-0.0013098460718694582,1112,15.210599806108377,-2.1249289848818407,3.619812657077299,-1.289641057705902,22.564703,130.89069,8.73151,28.502051964898758,1482.566156431686,0.0,98.0302734375,953.3359375,200.056640625,1846.4169921875,1360.255859375,1304.30859375,1.64591693830846,9.789649199656047,13.725756420250232,31.095113499745292,33.0791015625,199.154296875,238.6044921875,514.5341796875,20.9775390625,117.55859375,145.7568359375,310.1796875,2005-06-17,378.45
502,503,25.6666666666667,34.6666666666667,38.5,20.3333333333333,94375.0,-1332470.0,3577,41.08884593218346,41.38189421516977,16.282521503262103,6,2005,169,0.479425538604203,0.44664651901106794,11.383065601040142,-0.0010727313566292196,1113,15.210599806108377,-2.1249289848818407,3.619812657077299,-1.289641057705902,22.564703,130.89069,8.73151,28.502051964898758,1482.566156431686,0.0,95.8076171875,942.6767578125,212.9384765625,1846.4169921875,1360.255859375,1304.30859375,1.6875069295004788,9.523152198936485,13.518106156105441,31.174897455251127,33.5087890625,198.484375,239.154296875,515.1943359375,21.8076171875,118.73828125,146.81640625,312.671875,2005-06-18,378.45
503,504,49.3,47.9,1.95,17.4,94425.0,-1332480.0,3577,39.537968996941416,41.92552664053586,17.316338305654604,6,2005,176,0.479425538604203,0.463722163275047,11.382229865626973,0.0005961547525625832,1120,15.210599806108377,-2.1249289848818407,3.619812657077299,-1.289641057705902,22.564703,130.89069,8.73151,28.502051964898758,1482.566156431686,0.0,37.93359375,966.158203125,247.3310546875,1846.4169921875,1360.255859375,1304.30859375,2.093323244238653,9.618733895503947,11.210659128436964,31.461200909051193,31.5693359375,199.9755859375,231.9931640625,528.4853515625,20.578125,132.279296875,140.5458984375,315.15625,2005-06-25,378.45
504,505,37.5,38.9,22.05,16.0,94425.0,-1332480.0,3577,39.911253761712196,42.170131777401025,16.736999429876185,6,2005,177,0.479425538604203,0.46614776418055925,11.383063750124496,0.0008338844975224191,1121,15.210599806108377,-2.1249289848818407,3.619812657077299,-1.289641057705902,22.564703,130.89069,8.73151,28.502051964898758,1482.566156431686,0.0,36.888671875,957.5390625,256.9951171875,1846.4169921875,1360.255859375,1304.30859375,2.3370213925511036,10.156681580101438,11.34190393589051,30.863762674915133,31.62890625,198.67578125,232.1435546875,528.3447265625,16.408203125,130.689453125,144.35546875,312.80859375,2005-06-26,378.45
505,506,41.35,40.95,16.4,14.25,94425.0,-1332480.0,3577,40.69818355018985,43.22049790594036,14.864976389277574,7,2005,185,0.5508090958869698,0.4854250854422403,11.398180245004923,0.0026986140668299186,1129,15.210599806108377,-2.1249289848818407,3.619812657077299,-1.289641057705902,22.564703,130.89069,8.73151,28.502051964898758,1482.566156431686,0.0,26.2568359375,730.3525390625,494.8134765625,1846.4169921875,1360.255859375,1304.30859375,2.6454262370126873,13.233049390463723,13.37002376025277,27.729178623044476,32.111328125,182.0576171875,228.75390625,537.666015625,21.9384765625,103.1181640625,143.287109375,329.6083984375,2005-07-04,378.45
506,507,42.75,48.05,8.1,16.25,94425.0,-1332480.0,3577,40.82142393209895,44.834239393211014,13.138001111373764,7,2005,192,0.5508090958869698,0.5021017714378186,11.423282634990363,0.00423545286933269,1136,15.210599806108377,-2.1249289848818407,3.619812657077299,-1.289641057705902,22.564703,130.89069,8.73151,28.502051964898758,1482.566156431686,0.0,13.05859375,725.08203125,513.2822265625,1846.4169921875,1360.255859375,1304.30859375,2.026976092412669,11.696552991656475,15.87847562747641,27.581096227191804,32.9306640625,203.7265625,214.1689453125,527.265625,21.1181640625,126.6171875,125.056640625,326.0791015625,2005-07-11,378.45
507,508,40.55,47.65,10.65,15.55,94425.0,-1332480.0,3577,41.639955400630285,46.40388043328525,10.73035968159647,7,2005,193,0.5508090958869698,0.5044692225283575,11.427727711835335,0.0044450768449717515,1137,15.210599806108377,-2.1249289848818407,3.619812657077299,-1.289641057705902,22.564703,130.89069,8.73151,28.502051964898758,1482.566156431686,0.0,7.4482421875,729.380859375,514.59375,1846.4169921875,1360.255859375,1304.30859375,1.6673446879553997,11.268151589987555,15.956613436830407,28.534205159731776,31.451171875,202.736328125,217.7607421875,524.8759765625,16.8076171875,125.8974609375,128.396484375,326.21875,2005-07-12,378.45
508,509,39.35,46.55,12.85,14.55,94425.0,-1332480.0,3577,41.42388339214345,47.41047062671741,9.914779372672626,7,2005,201,0.5508090958869698,0.5232710271860929,11.470482374524018,0.006014780322585622,1145,15.210599806108377,-2.1249289848818407,3.619812657077299,-1.289641057705902,22.564703,130.89069,8.73151,28.502051964898758,1482.566156431686,0.0,4.318359375,699.1376953125,547.966796875,1846.4169921875,1360.255859375,1304.2578125,2.08604393036438,12.069384202309145,13.003761677611497,33.528147159734814,31.30078125,204.166015625,233.6875,510.78515625,19.2783203125,116.1875,143.435546875,309.109375,2005-07-20,378.45
509,510,41.35,45.8,11.55,14.65,94425.0,-1332480.0,3577,38.69638333801842,47.15593792172035,12.897877561033525,7,2005,208,0.5508090958869698,0.5395167147704585,11.5174847940373,0.00721541455600061,1152,15.210599806108377,-2.1249289848818407,3.619812657077299,-1.289641057705902,22.564703,130.89069,8.73151,28.502051964898758,1482.566156431686,0.0,0.1748046875,681.9267578125,569.3212890625,1846.4169921875,1360.255859375,1304.2578125,1.9748203596611797,13.346664031126513,14.155428132673524,33.161885077093544,32.2314453125,194.4853515625,235.466796875,515.71875,17.3681640625,125.09765625,135.4658203125,309.2578125,2005-07-27,378.45
510,511,38.4,48.95,11.3,14.1,94425.0,-1332480.0,3577,39.1431639567804,48.50008335317207,11.05275390244265,7,2005,209,0.5508090958869698,0.5418214675721206,11.524857848211,0.0073730541736996,1153,15.210599806108377,-2.1249289848818407,3.619812657077299,-1.289641057705902,22.564703,130.89069,8.73151,28.502051964898758,1482.566156431686,0.0,0.1748046875,681.9267578125,569.3212890625,1846.4169921875,1360.255859375,1304.2578125,2.1651008836457497,12.617772773387808,14.9100265217877,32.73375862065166,32.05078125,194.99609375,232.9560546875,519.62109375,16.91796875,121.408203125,136.275390625,311.0078125,2005-07-28,378.45
511,512,37.3333333333333,48.2222222222222,13.2222222222222,13.6666666666667,94418.3333333333,-1332511.66666667,3577,38.16781737353922,47.55994921830124,12.887586751052309,8,2005,216,0.618369803069737,0.5578398973033405,11.580590128809972,0.00837902180590433,1160,15.210599806108377,-2.1249289848818407,3.619812657077299,-1.289641057705902,22.564703,130.89069,8.73151,28.502051964898758,1482.566156431686,0.0,0.1748046875,489.796875,761.451171875,1846.412109375,1360.2607421875,1304.2578125,2.602914014351297,12.755139522670913,14.782873657033557,31.687171705608957,32.7392578125,197.0712890625,227.046875,534.81640625,22.1572265625,111.666015625,138.326171875,318.88671875,2005-08-04,378.45
512,513,39.0,47.35,12.1,13.55,94425.0,-1332480.0,3577,37.692017940773916,47.393168647650725,13.495835949394301,8,2005,217,0.618369803069737,0.5601116325912429,11.589099115027311,0.008508986217339753,1161,15.210599806108377,-2.1249289848818407,3.619812657077299,-1.289641057705902,22.564703,130.89069,8.73151,28.502051964898758,1482.566156431686,0.0,0.1748046875,473.501953125,777.74609375,1846.412109375,1360.2607421875,1304.2578125,2.080474498228967,13.079572282667725,14.861528421856221,32.06272791721672,33.5888671875,197.259765625,227.4267578125,533.0458984375,15.8974609375,114.935546875,135.99609375,321.1767578125,2005-08-05,378.45
513,514,35.85,47.2,15.55,13.25,94425.0,-1332480.0,3577,37.574078243732075,48.24682644496165,12.76901679331829,8,2005,224,0.618369803069737,0.5758951096788277,11.652023074112172,0.009326617972108764,1168,15.210599806108377,-2.1249289848818407,3.619812657077299,-1.289641057705902,22.564703,130.89069,8.73151,28.502051964898758,1482.566156431686,0.0,0.0,433.7333984375,817.689453125,1846.412109375,1360.2607421875,1304.2578125,1.7136493920929612,12.558664838464829,15.160046780896693,33.92049466146145,32.9189453125,196.8544921875,230.8486328125,526.78515625,17.8671875,115.8525390625,130.8330078125,313.7373046875,2005-08-12,378.45
514,515,37.15,49.45,11.95,12.85,94425.0,-1332480.0,3577,37.37638326585136,48.46738605391132,12.760210102932653,8,2005,225,0.618369803069737,0.5781327361770225,11.661453817251006,0.009430743138834075,1169,15.210599806108377,-2.1249289848818407,3.619812657077299,-1.289641057705902,22.564703,130.89069,8.73151,28.502051964898758,1482.566156431686,0.0,0.0,433.7138671875,817.708984375,1846.412109375,1360.2607421875,1304.2578125,1.813022716475418,12.693774744032599,14.630842997521036,34.07912470307659,33.388671875,196.9541015625,231.0771484375,525.14453125,18.556640625,113.0126953125,133.7021484375,311.3271484375,2005-08-13,378.45
515,516,39.2,48.3,11.1,13.2,94425.0,-1332480.0,3577,37.36711482531357,48.49221026650642,12.747714823873908,8,2005,232,0.618369803069737,0.5936736786949399,11.730135784032406,0.01007740768482357,1176,15.210599806108377,-2.1249289848818407,3.619812657077299,-1.289641057705902,22.564703,130.89069,8.73151,28.502051964898758,1482.566156431686,0.0,0.0,344.2841796875,907.138671875,1846.4111328125,1360.26171875,1304.2578125,2.242643083566823,13.279143801288116,14.506797460508016,33.79994117880993,35.048828125,199.2333984375,230.3427734375,523.265625,19.796875,111.4111328125,131.5693359375,308.75390625,2005-08-20,378.45
516,517,38.05,47.55,13.25,12.65,94425.0,-1332480.0,3577,37.064341076874236,48.847107175582835,12.717008017780106,8,2005,233,0.618369803069737,0.5958761215123557,11.740294435630053,0.010158651597647506,1177,15.210599806108377,-2.1249289848818407,3.619812657077299,-1.289641057705902,22.564703,130.89069,8.73151,28.502051964898758,1482.566156431686,0.0,0.0,343.8095703125,907.61328125,1846.4111328125,1360.26171875,1304.2578125,1.9364521833848085,13.232323042971135,14.921656168753366,33.474719822916555,34.1787109375,202.283203125,229.47265625,523.9638671875,17.5966796875,111.701171875,129.62890625,308.9833984375,2005-08-21,378.45
517,518,33.6,50.8,14.0,11.7,94425.0,-1332510.0,3577,37.17772557679122,48.80657215161129,12.63535064866145,8,2005,241,0.618369803069737,0.6133332651879557,11.824183522994854,0.010718181577891173,1185,15.210599806108377,-2.1249289848818407,3.619812657077299,-1.289641057705902,22.564703,130.89069,8.73151,28.502051964898758,1482.566156431686,0.0,0.0,271.7333984375,979.689453125,1846.4111328125,1360.26171875,1304.2578125,2.0844412250922755,13.6019110076012,15.047285238272872,33.94036393838705,32.978515625,202.29296875,237.5615234375,526.2978515625,21.2666015625,121.611328125,132.3486328125,302.3349609375,2005-08-29,378.45
518,519,39.3333333333333,49.3333333333333,10.0833333333333,12.25,94432.5,-1332457.5,3577,36.8586344511986,48.96204038478848,12.82069829035581,9,2005,248,0.6816387600233341,0.6283668624009903,11.90075346628464,0.01108922455063599,1192,15.210599806108377,-2.1249289848818407,3.619812657077299,-1.289641057705902,22.564703,130.89069,8.73151,28.502051964898758,1482.566156431686,0.0,0.0,248.0751953125,1002.4609375,1847.2958984375,1360.263671875,1304.2578125,2.5124605211437228,13.938168069988658,15.686352232693476,34.356806179138886,35.37109375,205.9794921875,235.271484375,532.7822265625,22.24609375,122.62890625,142.8779296875,300.9814453125,2005-09-05,378.45
519,520,35.45,48.05,15.05,11.5,94425.0,-1332480.0,3577,36.14083115026846,49.756745112465225,12.696053172831455,9,2005,249,0.6816387600233341,0.6304957812967532,11.91188757029123,0.011134104006590206,1193,15.210599806108377,-2.1249289848818407,3.619812657077299,-1.289641057705902,22.564703,130.89069,8.73151,28.502051964898758,1482.566156431686,0.0,0.0,228.2197265625,1022.31640625,1847.2919921875,1360.267578125,1304.2578125,2.462844840637655,14.177503269225713,15.566184155274726,34.87549444482585,36.041015625,207.861328125,235.19140625,533.482421875,19.5859375,123.8583984375,145.2978515625,298.130859375,2005-09-06,378.45
520,521,35.4,50.4,12.75,10.95,94425.0,-1332480.0,3577,35.491295546553395,50.08864592579014,12.998521653782861,9,2005,265,0.6816387600233341,0.6639040987988447,12.09464333477965,0.011606443331222849,1209,15.210599806108377,-2.1249289848818407,3.619812657077299,-1.289641057705902,22.564703,130.89069,8.73151,28.502051964898758,1482.566156431686,0.5087890625,0.0,37.93359375,1212.6025390625,1846.5244140625,1349.0361328125,1316.2568359375,2.840109486598412,15.592199200632066,15.241860017924175,37.37402121606305,38.130859375,224.0654296875,252.45703125,552.326171875,20.6162109375,135.1669921875,153.9423828125,325.6435546875,2005-09-22,378.45
521,522,35.65,50.35,12.6,11.2,94425.0,-1332480.0,3577,34.401972691905634,50.49557506476256,13.632577381336946,9,2005,272,0.6816387600233341,0.6781228416014485,12.176208838131453,0.011674362908484781,1216,15.210599806108377,-2.1249289848818407,3.619812657077299,-1.289641057705902,22.564703,130.89069,8.73151,28.502051964898758,1482.566156431686,0.5087890625,0.0,26.435546875,1224.1005859375,1846.3486328125,1349.2119140625,1316.2568359375,2.5288252386574754,15.78002940780218,18.432308687230478,37.0496970787125,37.03125,222.8759765625,262.1962890625,569.591796875,21.1064453125,135.486328125,155.783203125,334.2880859375,2005-09-29,378.45
522,523,37.5,50.4,10.6,11.0,94425.0,-1332450.0,3577,36.92640383351906,51.19635627529598,10.417276119132142,10,2005,280,0.7401768531960371,0.6940671385790956,12.269540356748509,0.011642211082726561,1224,15.210599806108377,-2.1249289848818407,3.619812657077299,-1.289641057705902,22.564703,130.89069,8.73151,28.502051964898758,1482.566156431686,0.5087890625,0.0,25.7861328125,1224.75,1846.2705078125,1349.2900390625,1316.2548828125,2.815878061794566,16.999440752744828,18.158085511458466,39.078009644833,36.59375,229.7919921875,260.126953125,588.8857421875,22.5380859375,129.3173828125,155.5126953125,350.037109375,2005-10-07,378.45
523,524,31.5,55.8333333333333,11.3333333333333,7.33333333333333,94420.0,-1332475.0,3577,38.06797614149987,51.15595163349816,9.37150800695552,10,2005,281,0.7401768531960371,0.6960368881687455,12.281169541426864,0.011629184678355386,1225,15.210599806108377,-2.1249289848818407,3.619812657077299,-1.289641057705902,22.564703,130.89069,8.73151,28.502051964898758,1482.566156431686,0.5087890625,0.0,25.7861328125,1224.75,1830.0234375,1365.537109375,1316.2548828125,2.880215354557004,16.730383828687007,18.586466351856572,38.999332590771544,37.564453125,228.625,260.787109375,589.1552734375,23.2578125,127.9990234375,155.873046875,355.3173828125,2005-10-08,378.45
524,525,37.6,51.1,9.75,10.7,94425.0,-1332480.0,3577,34.96430210655694,53.774881946390934,9.863481444594516,10,2005,297,0.7401768531960371,0.7268324141695728,12.463530433230412,0.011087126162824035,1241,15.210599806108377,-2.1249289848818407,3.619812657077299,-1.289641057705902,22.564703,130.89069,8.73151,28.502051964898758,1482.566156431686,1.5224609375,0.5087890625,0.1748046875,1250.3505859375,1823.8974609375,1371.673828125,1233.91015625,2.3438961658053596,16.155566405339655,19.95505333858561,43.17729881958334,38.1435546875,232.5732421875,272.2080078125,602.615234375,27.4580078125,150.296875,174.046875,355.6962890625,2005-10-24,378.45
525,526,39.8,49.9,9.0,9.95,94425.0,-1332480.0,3577,34.5319397836374,55.23255681366311,8.889437961418048,10,2005,304,0.7401768531960371,0.7398697384878806,12.539313472093795,0.010605392931418933,1248,15.210599806108377,-2.1249289848818407,3.619812657077299,-1.289641057705902,22.564703,130.89069,8.73151,28.502051964898758,1482.566156431686,16.9033203125,0.5087890625,0.1748046875,1250.345703125,1823.90234375,1369.0185546875,1231.0107421875,2.4997179993880883,15.218787861460102,18.499462571145017,44.54588580631237,37.904296875,232.302734375,270.716796875,614.0361328125,25.23828125,153.7373046875,177.7548828125,373.8701171875,2005-10-31,378.45
526,527,37.9,55.5,5.3,9.3,94425.0,-1332480.0,3577,34.41865162700561,54.658172580765026,9.628434259237768,11,2005,313,0.793577803248942,0.7562315107864898,12.630502750385185,0.009702266667121151,1257,15.210599806108377,-2.1249289848818407,3.619812657077299,-1.289641057705902,22.564703,130.89069,8.73151,28.502051964898758,1482.566156431686,28.2626953125,0.5087890625,0.0,1250.5205078125,1752.384765625,1410.8720703125,1256.83984375,2.711877974331898,15.999588610642604,18.3188790094621,43.03210585033486,38.6123046875,230.9013671875,270.15625,619.732421875,24.8759765625,152.576171875,179.013671875,401.337890625,2005-11-09,378.45
527,528,41.65,53.55,3.7,12.05,94425.0,-1332480.0,3577,38.69993144110212,50.567625168082,9.447039218090431,11,2005,320,0.793577803248942,0.7686399738142345,12.694722434512105,0.00874426938151629,1264,15.210599806108377,-2.1249289848818407,3.619812657077299,-1.289641057705902,22.564703,130.89069,8.73151,28.502051964898758,1482.566156431686,125.59375,0.8017578125,0.0,1249.3720703125,1720.9443359375,1443.4609375,1219.404296875,1.9852431927517955,13.882953079311662,18.711466584974502,41.39593152121135,37.412109375,226.962890625,269.513671875,617.6806640625,22.826171875,146.42578125,177.4521484375,406.3046875,2005-11-16,378.45
528,529,24.3333333333333,48.0,26.3333333333333,16.6666666666667,94375.0,-1332505.0,3577,44.25110235481091,45.07083576897145,9.46749947678598,11,2005,321,0.793577803248942,0.7703896392969712,12.703310140021918,0.008587705509812693,1265,15.210599806108377,-2.1249289848818407,3.619812657077299,-1.289641057705902,22.564703,130.89069,8.73151,28.502051964898758,1482.566156431686,125.59375,0.8017578125,0.0,1249.3525390625,1720.1005859375,1444.32421875,1219.404296875,1.9514887460479002,13.23871102862865,18.577182012476257,41.64930076507198,36.3916015625,225.962890625,269.1533203125,618.3095703125,25.765625,143.005859375,178.591796875,406.0029296875,2005-11-17,378.45
529,530,50.75,44.95,3.0,13.25,94425.0,-1332480.0,3577,53.32898309120422,37.10927313140381,8.358097526826922,11,2005,329,0.793577803248942,0.7841776948996244,12.765765523987948,0.007152057312941551,1273,15.210599806108377,-2.1249289848818407,3.619812657077299,-1.289641057705902,22.564703,130.89069,8.73151,28.502051964898758,1482.566156431686,165.2890625,17.0234375,0.0,1169.0771484375,1776.607421875,1459.9345703125,1213.6240234375,1.7647822867039529,9.808462197500342,14.848690717260428,41.90920320219547,35.6015625,212.2529296875,261.1748046875,615.994140625,24.99609375,144.0654296875,168.890625,407.068359375,2005-11-25,378.45
530,531,78.1666666666667,19.7777777777778,0.888888888888889,20.9444444444444,94431.6666666667,-1332480.0,3577,61.32972424891014,30.299927231346857,7.166953050388506,2,2006,35,0.16589613269341502,0.09574352691494717,12.625094091495594,-0.009742728732081929,1344,15.210599806108377,-2.1249289848818407,3.619812657077299,-1.289641057705902,22.564703,130.89069,8.73151,28.502051964898758,1482.566156431686,481.3935546875,373.5458984375,28.771484375,533.9326171875,1504.7529296875,1708.1103515625,1413.0546875,1.2849689036802852,6.332898038161854,5.597235799052465,14.765302278456643,33.25390625,194.6796875,221.4560546875,518.59765625,23.5380859375,148.181640625,173.8466796875,391.9541015625,2006-02-04,380.51
531,532,69.15,19.4,10.35,15.75,94425.0,-1332480.0,3577,70.13682839347427,23.21912468336271,5.440633411994825,2,2006,52,0.16589613269341502,0.14198431644722623,12.444082764309556,-0.011267022490816458,1361,15.210599806108377,-2.1249289848818407,3.619812657077299,-1.289641057705902,22.564703,130.89069,8.73151,28.502051964898758,1482.566156431686,351.4267578125,524.9697265625,168.224609375,344.2841796875,1438.8193359375,1685.642578125,1287.9423828125,1.2129266456077634,7.364114464102914,10.050722665792167,16.898799934900154,34.263671875,208.474609375,244.8369140625,518.93359375,23.2978515625,148.8876953125,174.2861328125,394.9365234375,2006-02-21,380.51
532,533,80.2,18.1,0.4,20.0,94425.0,-1332480.0,3577,76.95601225398838,18.293795781099558,3.558911573462125,2,2006,59,0.16589613269341502,0.16094082999888235,12.363840182388428,-0.01158895909382629,1368,15.210599806108377,-2.1249289848818407,3.619812657077299,-1.289641057705902,22.564703,130.89069,8.73151,28.502051964898758,1482.566156431686,325.603515625,627.3935546875,210.77734375,309.44921875,1360.294921875,1687.302734375,1319.9951171875,1.6728150094009713,7.5144746532207165,8.577041109710677,21.163992640415398,35.5341796875,205.50390625,242.73828125,542.0947265625,25.248046875,145.677734375,172.185546875,395.1455078125,2006-02-28,380.51
533,534,71.75,23.6666666666667,3.58333333333333,22.25,94395.0,-1332480.0,3577,79.72561899339073,17.42275995317076,1.6605783469649158,3,2006,60,0.24740395925452294,0.16364423371189768,12.352217005594563,-0.011623176793865042,1369,15.210599806108377,-2.1249289848818407,3.619812657077299,-1.289641057705902,22.564703,130.89069,8.73151,28.502051964898758,1482.566156431686,322.5400390625,633.25390625,211.7548828125,289.46875,1380.275390625,1675.794921875,1323.16015625,1.6934657969092957,7.846543889479094,8.457234043832116,21.567436985242516,35.1435546875,206.5537109375,241.7783203125,545.2412109375,25.3876953125,147.1181640625,170.1455078125,396.0595703125,2006-03-01,380.51
534,535,82.2,16.3,0.0,21.15,94425.0,-1332480.0,3577,78.22305506063216,19.166650556385445,1.4433650487190464,4,2006,99,0.3271946967961522,0.2679194443681064,11.896236599002654,-0.011270510980873283,1408,15.210599806108377,-2.1249289848818407,3.619812657077299,-1.289641057705902,22.564703,130.89069,8.73151,28.502051964898758,1482.566156431686,412.14453125,784.552734375,472.9130859375,26.765625,1290.2236328125,1792.00390625,1421.7099609375,1.0853484173747174,4.358799456831969,7.567900013701415,12.819866276028826,30.251953125,178.412109375,233.0673828125,503.275390625,20.0712890625,140.24609375,177.5810546875,393.9892578125,2006-04-09,380.51
535,536,69.05,26.25,3.65,15.35,94425.0,-1332480.0,3577,75.49395043127296,21.34203405105472,1.918751111693821,4,2006,107,0.3271946967961522,0.2889699253527544,11.8079717739263,-0.010827877063466218,1416,15.210599806108377,-2.1249289848818407,3.619812657077299,-1.289641057705902,22.564703,130.89069,8.73151,28.502051964898758,1482.566156431686,283.279296875,785.07421875,617.5107421875,5.1201171875,1312.0302734375,1792.0439453125,1349.7119140625,1.159037242850717,8.316772866474398,5.972810207552883,14.60387784086608,33.591796875,203.732421875,209.2041015625,517.1025390625,23.0908203125,141.5869140625,157.2578125,401.322265625,2006-04-17,380.51
536,537,77.8,20.4,0.6,18.9,94425.0,-1332480.0,3577,72.86253012451158,25.732001267309755,0.11654959298374312,4,2006,108,0.3271946967961522,0.29159168187021955,11.797209458126886,-0.010762315799413003,1417,15.210599806108377,-2.1249289848818407,3.619812657077299,-1.289641057705902,22.564703,130.89069,8.73151,28.502051964898758,1482.566156431686,296.38671875,787.1748046875,627.953125,5.1201171875,1312.0302734375,1792.0439453125,1349.703125,0.9974361461147063,8.03739921656824,6.567976149578895,14.855489874060353,33.162109375,204.2021484375,211.32421875,517.91015625,24.2314453125,143.06640625,153.9677734375,401.5283203125,2006-04-18,380.51
537,538,68.15,29.7,0.7,17.0,94425.0,-1332480.0,3577,69.54968849215669,28.678532470378485,0.4354513149085443,5,2006,123,0.40471456356112473,0.33064440357052394,11.645403546056677,-0.009461121114513915,1432,15.210599806108377,-2.1249289848818407,3.619812657077299,-1.289641057705902,22.564703,130.89069,8.73151,28.502051964898758,1482.566156431686,296.5087890625,711.046875,854.71875,17.5869140625,1316.12890625,1783.029296875,1358.7626953125,1.8627555868331092,6.346585276161907,9.628781180565435,17.84374362018771,30.0791015625,192.029296875,227.923828125,513.72265625,20.90625,146.720703125,168.7763671875,370.6884765625,2006-05-03,380.51
538,539,64.55,33.75,0.4,16.1,94425.0,-1332480.0,3577,63.33025209834995,33.15005801552134,2.1329816761933875,5,2006,124,0.40471456356112473,0.33322879067865074,11.636052589034644,-0.009350957022032702,1433,15.210599806108377,-2.1249289848818407,3.619812657077299,-1.289641057705902,22.564703,130.89069,8.73151,28.502051964898758,1482.566156431686,296.5087890625,700.75,865.015625,17.5869140625,1316.12890625,1783.029296875,1358.7626953125,1.8358488827976223,7.590757025899055,8.866970818920798,18.380892868197442,30.2490234375,191.9765625,223.283203125,517.4931640625,18.5263671875,142.67578125,169.5361328125,369.978515625,2006-05-04,380.51
539,540,62.95,34.85,0.75,16.35,94425.0,-1332480.0,3577,58.59217779702905,37.29391660528997,2.704149368233162,5,2006,131,0.40471456356112473,0.3512483815892772,11.57395376104322,-0.008488196768418277,1440,15.210599806108377,-2.1249289848818407,3.619812657077299,-1.289641057705902,22.564703,130.89069,8.73151,28.502051964898758,1482.566156431686,209.5673828125,782.4921875,823.3359375,64.291015625,1314.47265625,1784.6962890625,1358.9267578125,1.723512795407169,11.238716244003484,9.426605908696677,20.679887537539344,31.96875,191.0537109375,222.2255859375,529.4521484375,22.40625,120.486328125,161.2021484375,385.546875,2006-05-11,380.51
540,541,56.2941176470588,40.8235294117647,1.35294117647059,15.2941176470588,94419.7058823529,-1332487.94117647,3577,54.52177359981299,40.84869432647832,3.2656252680941,5,2006,139,0.40471456356112473,0.37168363004143945,11.51126358030169,-0.007296593703253862,1448,15.210599806108377,-2.1249289848818407,3.619812657077299,-1.289641057705902,22.564703,130.89069,8.73151,28.502051964898758,1482.566156431686,159.630859375,749.9892578125,825.42578125,144.640625,1311.419921875,1786.5087890625,1360.1669921875,1.9337711712257377,11.059734418223332,13.1575968963783,21.40508223072667,32.2890625,197.533203125,225.8623046875,511.6103515625,22.6962890625,132.4658203125,148.5322265625,373.2158203125,2006-05-19,380.51
541,542,35.5454545454545,50.7272727272727,12.5454545454545,16.0909090909091,94414.0909090909,-1332475.90909091,3577,52.16574627752222,43.011167236260555,3.47119428972491,5,2006,140,0.40471456356112473,0.37422568247722243,11.504131694781298,-0.007131885520392345,1449,15.210599806108377,-2.1249289848818407,3.619812657077299,-1.289641057705902,22.564703,130.89069,8.73151,28.502051964898758,1482.566156431686,159.03515625,743.7490234375,832.091796875,144.810546875,1289.7998046875,1808.12890625,1360.1669921875,1.8246914125296991,10.953848104725102,13.31271453901451,21.909227874073828,31.8291015625,196.1435546875,227.3125,509.06640625,22.826171875,133.40625,149.8916015625,369.4208984375,2006-05-20,380.51
542,543,56.7,40.3,1.6,15.75,94425.0,-1332480.0,3577,49.69368809944629,44.96489763691704,4.076508175024964,5,2006,147,0.40471456356112473,0.39194033242451504,11.45911030079075,-0.005882681212099783,1456,15.210599806108377,-2.1249289848818407,3.619812657077299,-1.289641057705902,22.564703,130.89069,8.73151,28.502051964898758,1482.566156431686,50.5439453125,675.4892578125,956.8759765625,196.8291015625,1260.533203125,1837.384765625,1360.177734375,1.798356110906614,10.116889714872281,12.778539517254801,26.35497159416754,31.71875,195.853515625,227.97265625,513.095703125,19.8759765625,137.6162109375,156.232421875,349.7763671875,2006-05-27,380.51
543,544,54.1,43.05,1.7,15.0,94425.0,-1332480.0,3577,49.91819742482561,44.74395956603115,4.0715463250671755,6,2006,156,0.479425538604203,0.4145035918404523,11.415162980532246,-0.004048354145213651,4,2.408261765220722,-2.1249289848818407,3.619812657077299,-1.289641057705902,22.564703,130.89069,8.73151,28.502051964898758,1482.566156431686,0.0517578125,680.7041015625,972.5126953125,226.4697265625,1251.4228515625,1846.4169921875,1360.255859375,1.9500040731592327,11.358031732707564,12.899849479411133,29.26112744004392,29.978515625,182.294921875,224.3515625,520.18359375,16.5078125,100.322265625,145.3916015625,353.7265625,2006-06-05,380.51
544,545,52.1,44.3,2.45,15.45,94425.0,-1332480.0,3577,49.71880756037311,45.077891418685326,3.953679372232279,6,2006,163,0.479425538604203,0.43187926648963193,11.393040044145497,-0.00248005377035021,11,2.408261765220722,-2.1249289848818407,3.619812657077299,-1.289641057705902,22.564703,130.89069,8.73151,28.502051964898758,1482.566156431686,0.0517578125,506.7373046875,1109.3466796875,263.6025390625,1251.4228515625,1846.4169921875,1360.255859375,2.2738067934823816,11.241038008092056,13.308035805866798,28.848262380440545,29.8291015625,183.6328125,212.2734375,517.22265625,21.017578125,100.5576171875,116.830078125,349.2265625,2006-06-12,380.51
545,546,50.25,45.75,2.65,14.2,94425.0,-1332480.0,3577,50.83382933462306,44.27286209813321,3.6124209609361753,6,2006,164,0.479425538604203,0.43434868754085926,11.39079146541187,-0.0022485787336279373,12,2.408261765220722,-2.1249289848818407,3.619812657077299,-1.289641057705902,22.564703,130.89069,8.73151,28.502051964898758,1482.566156431686,0.0517578125,490.9951171875,1124.5908203125,264.1005859375,1251.4228515625,1846.4169921875,1360.255859375,1.974225577417978,11.40018509158099,13.526506385335182,29.06837154422334,28.0888671875,182.9833984375,214.203125,512.212890625,17.4580078125,103.77734375,118.8818359375,342.537109375,2006-06-13,380.51
546,547,44.4,46.6,7.6,15.95,94425.0,-1332480.0,3577,50.8217102238425,43.983312171340565,3.858748581594483,6,2006,172,0.479425538604203,0.4539851346904416,11.381275808372536,-0.0003581230142017944,20,2.408261765220722,-2.1249289848818407,3.619812657077299,-1.289641057705902,22.564703,130.89069,8.73151,28.502051964898758,1482.566156431686,0.0517578125,457.447265625,1129.7802734375,292.458984375,1251.4228515625,1846.4169921875,1360.255859375,1.9709537974103148,12.406424330622013,13.445956150796341,30.026096313982663,31.369140625,194.5634765625,210.58203125,496.4228515625,17.998046875,129.2080078125,123.3046875,295.2978515625,2006-06-21,380.51
547,548,51.2,42.6,4.8,14.35,94425.0,-1332480.0,3577,48.99158527685387,44.8045274976277,4.8128701384203225,6,2006,179,0.479425538604203,0.47098845096423725,11.385441893126439,0.0013071922633791644,27,2.408261765220722,-2.1249289848818407,3.619812657077299,-1.289641057705902,22.564703,130.89069,8.73151,28.502051964898758,1482.566156431686,0.0,399.8466796875,1117.4267578125,362.46484375,1251.4228515625,1846.4169921875,1360.255859375,1.9423705468499493,11.919398327459113,14.377378128032328,30.57220298536787,32.55859375,193.86328125,225.9326171875,482.6533203125,21.248046875,112.068359375,147.2060546875,273.2109375,2006-06-28,380.51
548,549,47.7,45.65,5.3,14.6,94425.0,-1332480.0,3577,45.23140177675105,46.65477999811668,6.772559483858779,6,2006,180,0.479425538604203,0.4734035005077529,11.38698434313378,0.0015424500073404346,28,2.408261765220722,-2.1249289848818407,3.619812657077299,-1.289641057705902,22.564703,130.89069,8.73151,28.502051964898758,1482.566156431686,0.0,351.671875,1161.4208984375,366.6455078125,1251.4228515625,1846.4169921875,1360.255859375,1.730047687675635,11.855179577556733,14.538898174309182,30.521083105318283,31.5185546875,195.86328125,224.142578125,486.453125,19.9482421875,116.548828125,146.5556640625,274.8828125,2006-06-29,380.51
549,550,47.4,46.0,5.4,16.4,94425.0,-1332435.0,3577,46.07492368312113,46.31257333996581,6.28936435081852,7,2006,187,0.5508090958869698,0.4902083400321613,11.404254017494043,0.00314897511793788,35,2.408261765220722,-2.1249289848818407,3.619812657077299,-1.289641057705902,22.564703,130.89069,8.73151,28.502051964898758,1482.566156431686,0.0,211.50390625,1223.8271484375,444.4072265625,1251.4228515625,1846.4169921875,1360.255859375,1.866196788609462,11.089400413211063,13.585227265232367,31.533474894292283,30.380859375,187.6728515625,227.3818359375,496.392578125,15.6484375,114.658203125,136.4970703125,302.556640625,2006-07-06,380.51
550,551,44.8,46.95,6.75,14.95,94425.0,-1332480.0,3577,45.430545151436185,47.27863416252803,6.029561511758754,7,2006,188,0.5508090958869698,0.49259445697131315,11.40762503591399,0.003371018419946026,36,2.408261765220722,-2.1249289848818407,3.619812657077299,-1.289641057705902,22.564703,130.89069,8.73151,28.502051964898758,1482.566156431686,0.0,209.619140625,1201.208984375,468.91015625,1251.4228515625,1846.4169921875,1360.255859375,1.65482966089575,11.352730264738303,13.284653117965796,31.73336465992979,29.630859375,186.6748046875,227.2421875,498.591796875,18.2880859375,110.5390625,141.4365234375,302.1064453125,2006-07-07,380.51
551,552,40.7333333333333,51.0666666666667,7.2,14.9333333333333,94425.0,-1332465.0,3577,45.50381728693741,47.75102477501145,5.5484834051389225,7,2006,196,0.5508090958869698,0.5115487853005207,11.442292311043873,0.005056836823927213,44,2.408261765220722,-2.1249289848818407,3.619812657077299,-1.289641057705902,22.564703,130.89069,8.73151,28.502051964898758,1482.566156431686,11.5576171875,196.9140625,1114.126953125,568.697265625,1251.4228515625,1846.4169921875,1360.255859375,1.0546549787032713,10.582562216485387,12.839384728174931,31.624580810193226,30.05078125,186.1064453125,214.4775390625,515.302734375,22.2080078125,121.998046875,124.947265625,324.7685546875,2006-07-15,380.51
552,553,47.5,46.8,4.55,15.1,94425.0,-1332480.0,3577,46.028304358173635,47.82085344994847,5.008722856090529,7,2006,204,0.5508090958869698,0.530257380384088,11.489603903000686,0.0065499819705934215,52,2.408261765220722,-2.1249289848818407,3.619812657077299,-1.289641057705902,22.564703,130.89069,8.73151,28.502051964898758,1482.566156431686,11.5576171875,153.3779296875,943.5478515625,782.8125,1251.4228515625,1846.4169921875,1360.255859375,1.694016026777362,9.848671275292048,11.527390204518568,29.886257650208783,31.5908203125,174.005859375,217.697265625,504.3603515625,19.7275390625,104.998046875,148.9560546875,306.73046875,2006-07-23,380.51
553,554,47.55,47.4,4.0,16.05,94425.0,-1332480.0,3577,46.327990430615074,47.66115381006311,4.91060028722494,7,2006,211,0.5508090958869698,0.5464187550176638,11.540062882503,0.007677839416787791,59,2.408261765220722,-2.1249289848818407,3.619812657077299,-1.289641057705902,22.564703,130.89069,8.73151,28.502051964898758,1482.566156431686,11.5576171875,0.0517578125,1034.1142578125,845.572265625,1251.4228515625,1846.412109375,1360.2607421875,1.9847873345255393,10.994379664244192,11.54268730206941,28.128994736761555,32.4013671875,186.2353515625,205.5966796875,494.8154296875,15.1884765625,107.5283203125,124.7255859375,314.25,2006-07-30,380.51
554,555,49.55,45.6,3.55,15.55,94425.0,-1332480.0,3577,47.540164685668415,46.90940880584143,4.464592218925917,7,2006,212,0.5508090958869698,0.5487112551538731,11.547887877596327,0.007824995093328013,60,2.408261765220722,-2.1249289848818407,3.619812657077299,-1.289641057705902,22.564703,130.89069,8.73151,28.502051964898758,1482.566156431686,11.5576171875,0.0517578125,1014.1904296875,865.49609375,1251.4228515625,1846.412109375,1360.2607421875,1.8927976150785923,11.334308570106344,11.352943272997846,28.066008760927055,33.6611328125,186.685546875,207.1171875,492.8466796875,17.3984375,103.4091796875,123.21484375,313.1201171875,2006-07-31,380.51
555,556,44.35,49.05,5.6,14.75,94425.0,-1332480.0,3577,46.85903461862514,47.363512235950985,4.678680710413754,8,2006,220,0.618369803069737,0.5669015449020084,11.615372406539022,0.008878841235102186,68,2.408261765220722,-2.1249289848818407,3.619812657077299,-1.289641057705902,22.564703,130.89069,8.73151,28.502051964898758,1482.566156431686,11.5576171875,0.0517578125,995.0751953125,884.611328125,1251.4228515625,1846.412109375,1360.2607421875,1.999340695481187,11.877544530713774,13.314498146689301,26.61715013704106,29.6787109375,191.8251953125,222.3466796875,487.42578125,15.716796875,99.3818359375,119.8974609375,313.0576171875,2006-08-08,380.51
556,557,50.0,44.6666666666667,4.33333333333333,15.3333333333333,94455.0,-1332435.0,3577,47.56993909082982,47.117606164038754,4.213575863420436,8,2006,228,0.618369803069737,0.5848195115392493,11.690340688683813,0.009725102150222042,76,2.408261765220722,-2.1249289848818407,3.619812657077299,-1.289641057705902,22.564703,130.89069,8.73151,28.502051964898758,1482.566156431686,0.0,11.609375,921.857421875,957.8291015625,1251.4228515625,1846.4111328125,1360.26171875,2.155384499497024,12.058816176459725,13.871188107011925,28.451776497321667,33.138671875,188.234375,217.994140625,495.513671875,19.95703125,121.7509765625,111.6181640625,282.337890625,2006-08-16,380.51
557,558,44.25,49.4,5.2,13.9,94425.0,-1332480.0,3577,46.04488983667862,47.94194000013718,4.860062280340193,8,2006,236,0.618369803069737,0.6024565477924997,11.771231813047292,0.010386810047972261,84,2.408261765220722,-2.1249289848818407,3.619812657077299,-1.289641057705902,22.564703,130.89069,8.73151,28.502051964898758,1482.566156431686,0.0,11.5576171875,744.1376953125,1135.6005859375,1251.4228515625,1846.4111328125,1360.26171875,2.157805682650216,13.358651097162495,14.127946153952124,31.161596876811398,32.0986328125,197.1943359375,224.0830078125,504.6494140625,18.046875,119.7822265625,142.748046875,270.2197265625,2006-08-24,380.51
558,559,42.35,50.6,5.8,13.65,94425.0,-1332480.0,3577,43.45477278139167,49.67474146080216,5.731746014562495,8,2006,243,0.618369803069737,0.617651840044935,11.845795821029425,0.010834740603613113,91,2.408261765220722,-2.1249289848818407,3.619812657077299,-1.289641057705902,22.564703,130.89069,8.73151,28.502051964898758,1482.566156431686,0.0,11.5576171875,711.2734375,1168.46484375,1251.4228515625,1846.4091796875,1360.263671875,2.7811069732456697,14.39656339715938,15.51645677981271,31.975044884074222,33.728515625,204.384765625,229.29296875,506.3857421875,20.447265625,113.181640625,137.8291015625,293.0703125,2006-08-31,380.51
559,560,42.55,50.35,5.9,13.35,94425.0,-1332480.0,3577,41.688919259269056,51.06452101389419,6.068223073794918,9,2006,244,0.6816387600233341,0.6198041813394971,11.856685595317774,0.010889774288349585,92,2.408261765220722,-2.1249289848818407,3.619812657077299,-1.289641057705902,22.564703,130.89069,8.73151,28.502051964898758,1482.566156431686,0.0,11.5576171875,697.158203125,1182.580078125,1251.4228515625,1846.4091796875,1360.263671875,2.4133019942491742,15.16098054485926,15.409965141872437,32.216105471715466,31.96875,206.314453125,227.642578125,505.9658203125,14.7373046875,116.9921875,132.7685546875,295.6103515625,2006-09-01,380.51
560,561,41.75,51.7,5.4,13.25,94425.0,-1332480.0,3577,40.267989131605404,52.006257261822256,6.520830356433091,9,2006,252,0.6816387600233341,0.6368540788786715,11.9455400692411,0.011257318784181791,100,2.408261765220722,-2.1249289848818407,3.619812657077299,-1.289641057705902,22.564703,130.89069,8.73151,28.502051964898758,1482.566156431686,0.0,11.5576171875,521.4150390625,1358.3232421875,1250.5361328125,1847.2919921875,1360.267578125,2.869032104117439,13.703555716868488,17.498375711103815,34.31922667100882,36.62109375,212.4658203125,238.3349609375,519.0439453125,19.896484375,120.7158203125,126.7080078125,315.87109375,2006-09-09,380.51
561,562,42.6,50.6,5.65,13.15,94425.0,-1332480.0,3577,39.164496416889946,52.78564809802411,6.825135854856187,9,2006,259,0.6816387600233341,0.6515220604216373,12.025287363843983,0.01148149629262285,107,2.408261765220722,-2.1249289848818407,3.619812657077299,-1.289641057705902,22.564703,130.89069,8.73151,28.502051964898758,1482.566156431686,0.0,11.5576171875,462.0986328125,1417.130859375,1251.044921875,1847.291015625,1348.26953125,2.55185687925043,15.188832361867208,16.572587820985927,37.6896562281605,34.291015625,200.4658203125,249.0869140625,533.2958984375,20.755859375,113.796875,140.6123046875,299.8310546875,2006-09-16,380.51
562,563,29.3333333333333,57.8888888888889,11.4444444444444,9.11111111111111,94418.3333333333,-1332476.66666667,3577,38.677061457628426,53.39313388708876,6.7258136256578105,9,2006,267,0.6816387600233341,0.6679917430213101,12.1178991757667,0.011634510578284463,115,2.408261765220722,-2.1249289848818407,3.619812657077299,-1.289641057705902,22.564703,130.89069,8.73151,28.502051964898758,1482.566156431686,0.001953125,11.5576171875,409.9794921875,1469.25,1251.044921875,1846.5048828125,1349.0556640625,2.412121217277628,15.928629235158208,17.236700254148104,39.68496621150378,36.041015625,214.8974609375,235.787109375,555.3017578125,21.0859375,119.447265625,132.8623046875,307.6337890625,2006-09-24,380.51
563,564,41.6,52.6,4.6,12.0,94425.0,-1332480.0,3577,38.74483589165672,53.19917621077818,6.808728268634363,9,2006,268,0.6816387600233341,0.6700280517804915,12.129545149637705,0.011645973871004855,116,2.408261765220722,-2.1249289848818407,3.619812657077299,-1.289641057705902,22.564703,130.89069,8.73151,28.502051964898758,1482.566156431686,0.001953125,11.5576171875,406.9990234375,1472.23046875,1251.044921875,1846.3486328125,1349.2119140625,2.3621353960734,15.54810623899588,17.644424404397373,39.41175236299627,36.5712890625,215.1572265625,238.8173828125,554.18359375,21.515625,120.5068359375,136.4228515625,305.4423828125,2006-09-25,380.51
564,565,40.8,52.15,5.75,12.75,94425.0,-1332480.0,3577,37.62771547337548,54.25034243361607,6.830912843605315,10,2006,275,0.7401768531960371,0.6841405417018135,12.211240357483112,0.01167672882734827,123,2.408261765220722,-2.1249289848818407,3.619812657077299,-1.289641057705902,22.564703,130.89069,8.73151,28.502051964898758,1482.566156431686,0.00390625,11.5576171875,269.0830078125,1610.146484375,1251.044921875,1846.2705078125,1349.2900390625,2.862863802965566,15.570927190118894,17.91024163506928,39.557801056289826,38.1337890625,223.5947265625,251.728515625,554.666015625,22.177734375,127.646484375,142.0224609375,315.1572265625,2006-10-02,380.51
565,566,39.7,52.2,6.85,12.2,94425.0,-1332480.0,3577,38.65239324658251,53.614068886042304,6.375098808998782,10,2006,276,0.7401768531960371,0.6861361913257407,12.222914124281097,0.011673766797985152,124,2.408261765220722,-2.1249289848818407,3.619812657077299,-1.289641057705902,22.564703,130.89069,8.73151,28.502051964898758,1482.566156431686,0.0048828125,11.5576171875,213.6455078125,1665.583984375,1251.044921875,1846.2705078125,1349.2900390625,2.692935495670244,15.837634401935798,17.4932201203242,40.098474774082575,36.6640625,224.2177734375,253.4482421875,555.5458984375,22.6376953125,127.748046875,143.4130859375,319.1064453125,2006-10-03,380.51
566,567,37.875,55.5,5.25,12.5,94413.75,-1332513.75,3577,39.944778518688956,52.88239588068519,5.801813563113006,10,2006,291,0.7401768531960371,0.7154446155112547,12.396244397200109,0.011371300604604784,139,2.408261765220722,-2.1249289848818407,3.619812657077299,-1.289641057705902,22.564703,130.89069,8.73151,28.502051964898758,1482.566156431686,0.0107421875,0.0,167.9697265625,1722.5244140625,1251.3330078125,1830.0283203125,1365.537109375,2.8552731178984843,14.516444307982594,18.43684104487148,41.80518797492465,36.9443359375,213.6630859375,255.0380859375,585.9052734375,21.328125,133.548828125,139.8154296875,335.90234375,2006-10-18,380.51
567,568,40.0,52.3,6.15,11.85,94425.0,-1332480.0,3577,40.221238281835994,52.610719724024555,5.799210129395025,10,2006,292,0.7401768531960371,0.7173560908995228,12.407575750235404,0.011331353035295422,140,2.408261765220722,-2.1249289848818407,3.619812657077299,-1.289641057705902,22.564703,130.89069,8.73151,28.502051964898758,1482.566156431686,0.0107421875,0.0,164.935546875,1725.55859375,1251.3330078125,1830.0283203125,1365.537109375,2.7934662500768814,15.073024553589248,17.896602779066647,41.630941007127575,37.423828125,216.1435546875,253.3779296875,586.23828125,21.8681640625,132.1884765625,142.90625,334.814453125,2006-10-19,380.51
568,569,38.0,53.05,7.55,9.8,94425.0,-1332480.0,3577,41.75154293590202,51.67317062022172,5.178004262678414,10,2006,300,0.7401768531960371,0.7324528537909863,12.496428411156513,0.010902027651303214,148,2.408261765220722,-2.1249289848818407,3.619812657077299,-1.289641057705902,22.564703,130.89069,8.73151,28.502051964898758,1482.566156431686,0.0087890625,0.00390625,18.9521484375,1855.041015625,1267.828125,1823.8974609375,1369.1005859375,2.9317774954207945,17.716542794614707,18.30001844802822,41.19211499126776,36.8740234375,227.71484375,255.4482421875,581.9501953125,23.0283203125,138.587890625,154.2861328125,334.08984375,2006-10-27,380.51
569,570,46.0,50.05,2.75,12.55,94425.0,-1332480.0,3577,39.249962653439766,51.76665475906188,7.610715393995983,11,2006,316,0.793577803248942,0.7615837490247914,12.658855974575774,0.009320746354644527,164,2.408261765220722,-2.1249289848818407,3.619812657077299,-1.289641057705902,22.564703,130.89069,8.73151,28.502051964898758,1482.566156431686,84.3291015625,0.0078125,11.609375,1815.3955078125,1313.6630859375,1729.716796875,1434.6884765625,2.5269169075412097,14.044708810899868,18.276785706977257,44.115251548096126,38.8115234375,226.111328125,265.1591796875,594.185546875,26.4462890625,147.42578125,165.3486328125,361.0087890625,2006-11-12,380.51
570,571,48.25,45.5,4.85,12.4,94425.0,-1332480.0,3577,44.426381281250805,50.81103653827353,3.4344187288454595,11,2006,332,0.793577803248942,0.7892514487478929,12.785987918938334,0.006530207256986387,180,2.408261765220722,-2.1249289848818407,3.619812657077299,-1.289641057705902,22.564703,130.89069,8.73151,28.502051964898758,1482.566156431686,115.63671875,0.0126953125,11.5576171875,1682.9091796875,1314.732421875,1823.4638671875,1400.3408203125,2.998831703870283,15.861915784421,16.308770409348735,39.931555306738126,38.6416015625,228.091796875,261.154296875,606.2265625,23.3056640625,144.4072265625,175.970703125,391.7626953125,2006-11-28,380.51
571,572,40.4,52.2,6.2,10.9333333333333,94409.0,-1332473.0,3577,51.30689107073789,46.98502024290796,0.40371300526093457,12,2006,340,0.8414709848078965,0.8025198761927164,12.830023271659366,0.004664708576012089,188,2.408261765220722,-2.1249289848818407,3.619812657077299,-1.289641057705902,22.564703,130.89069,8.73151,28.502051964898758,1482.566156431686,62.25,71.40625,11.5576171875,1653.740234375,1343.9013671875,1817.5126953125,1336.2685546875,2.358745711652533,15.947153048726774,18.80075962987136,38.593275454032245,37.978515625,230.529296875,267.3232421875,602.9716796875,24.6474609375,154.7294921875,166.482421875,404.544921875,2006-12-06,380.51
572,573,51.3,43.1,4.2,11.4,94425.0,-1332480.0,3577,54.76252246204988,41.368874623821995,2.6390006278547253,12,2006,348,0.8414709848078965,0.815402796292914,12.85795726462791,0.0025492479696804793,196,2.408261765220722,-2.1249289848818407,3.619812657077299,-1.289641057705902,22.564703,130.89069,8.73151,28.502051964898758,1482.566156431686,107.626953125,90.611328125,11.5576171875,1616.1357421875,1369.3046875,1759.7431640625,1386.89453125,1.7224475311921321,10.40933921839614,17.998976028309066,40.230286142843305,36.279296875,215.4345703125,268.8251953125,602.7509765625,24.6865234375,144.400390625,180.7275390625,391.955078125,2006-12-14,380.51
573,574,60.85,36.45,1.5,15.0,94425.0,-1332480.0,3577,55.82675149926638,35.87130738198313,7.148703515265916,12,2006,364,0.8414709848078965,0.8399875482895418,12.860148884034878,-0.0020059544141250996,212,2.408261765220722,-2.1249289848818407,3.619812657077299,-1.289641057705902,22.564703,130.89069,8.73151,28.502051964898758,1482.566156431686,172.689453125,115.6455078125,11.5615234375,1517.2734375,1343.3134765625,1605.28125,1596.4208984375,1.4593090416185097,12.340034899154153,13.748002831832222,33.63644576186603,35.109375,214.9326171875,251.203125,592.046875,24.63671875,151.9619140625,180.71875,399.658203125,2006-12-30,380.51
574,575,59.0,33.0,7.0,12.0,94470.0,-1332525.0,3577,57.18452264968438,29.40745956829108,12.236867002964244,1,2007,7,0.08323691620031025,0.019176906600680502,12.832864403915732,-0.00426485308202551,220,2.408261765220722,-2.1249289848818407,3.619812657077299,-1.289641057705902,22.564703,130.89069,8.73151,28.502051964898758,1482.566156431686,217.8876953125,138.7802734375,11.5654296875,1435.3310546875,1188.4560546875,1750.7822265625,1458.18359375,1.8553229397721156,9.1913911291627,12.8007307484048,29.961275327620303,36.09765625,210.48828125,249.892578125,573.6142578125,26.654296875,149.8955078125,176.21875,400.8896484375,2007-01-07,382.53
575,576,78.3,19.9,0.45,18.1,94425.0,-1332480.0,3577,57.65587585787962,25.07426335274257,16.091682002205907,2,2007,46,0.16589613269341502,0.12569404857095748,12.510734161111852,-0.010861476214797605,259,2.408261765220722,-2.1249289848818407,3.619812657077299,-1.289641057705902,22.564703,130.89069,8.73151,28.502051964898758,1482.566156431686,474.27734375,313.482421875,98.7841796875,956.4365234375,1366.240234375,1435.6591796875,1721.7470703125,1.6114633515086596,7.027597745043945,5.489516367610479,17.970582183398918,35.673828125,206.0732421875,222.12890625,540.3779296875,25.568359375,141.8681640625,164.916015625,400.583984375,2007-02-15,382.53
576,577,38.5,15.5833333333333,44.8333333333333,18.9166666666667,94455.0,-1332480.0,3577,58.43249583233229,23.043335354013017,17.30134267177351,3,2007,87,0.24740395925452294,0.23610558602816642,12.03406633378388,-0.011690736062297091,300,2.408261765220722,-2.1249289848818407,3.619812657077299,-1.289641057705902,22.564703,130.89069,8.73151,28.502051964898758,1482.566156431686,1210.6220703125,796.3857421875,255.373046875,421.541015625,1506.6474609375,1301.2158203125,1779.9541015625,1.3300406930863677,6.516160173156074,6.9478443112434185,13.677168528321495,34.583984375,198.4931640625,226.2177734375,499.93359375,25.2548828125,149.1201171875,174.8349609375,386.1376953125,2007-03-28,382.53
577,578,44.3333333333333,28.5,26.0,15.1666666666667,94385.0,-1332485.0,3577,58.573575237962764,23.28813606413877,16.758654658032945,4,2007,103,0.3271946967961522,0.27846140596347235,11.851653135146037,-0.011066826999897472,316,2.408261765220722,-2.1249289848818407,3.619812657077299,-1.289641057705902,22.564703,130.89069,8.73151,28.502051964898758,1482.566156431686,270.634765625,1681.0029296875,382.34375,221.1845703125,1677.5673828125,1308.900390625,1792.0439453125,2.071821612351246,10.313298036348215,9.642085456842743,16.955602332218618,35.181640625,204.55078125,232.359375,526.8330078125,25.5009765625,147.1259765625,173.9052734375,399.08984375,2007-04-13,382.53
578,579,68.05,29.55,0.8,17.9,94425.0,-1332480.0,3577,58.02994111151138,27.072511853467553,13.437742752601423,4,2007,110,0.3271946967961522,0.2968286090986977,11.775891237065872,-0.01062388642941059,323,2.408261765220722,-2.1249289848818407,3.619812657077299,-1.289641057705902,22.564703,130.89069,8.73151,28.502051964898758,1482.566156431686,186.4990234375,1677.9111328125,472.77734375,170.65625,1724.9697265625,1312.0302734375,1792.04296875,1.8453663601066765,11.150828804997472,12.385119648699462,19.649843477817946,34.822265625,207.900390625,239.732421875,532.974609375,23.2109375,149.8154296875,172.626953125,398.16015625,2007-04-20,382.53
579,580,67.0,30.25,1.05,17.4,94425.0,-1332480.0,3577,58.43687458051909,31.85762555297682,8.24191185491372,4,2007,111,0.3271946967961522,0.29944374050084255,11.765340313905602,-0.010550923160270287,324,2.408261765220722,-2.1249289848818407,3.619812657077299,-1.289641057705902,22.564703,130.89069,8.73151,28.502051964898758,1482.566156431686,161.935546875,1690.6318359375,484.619140625,167.982421875,1727.64453125,1312.0302734375,1792.04296875,1.814454045063649,11.2534855054537,12.466281044793869,20.494525162551696,33.65234375,207.8310546875,240.482421875,535.001953125,21.2109375,148.3056640625,173.126953125,398.49609375,2007-04-21,382.53
580,581,57.7,39.9,1.1,15.15,94425.0,-1332480.0,3577,59.49463977713863,36.5790754652929,2.5214217670870283,4,2007,119,0.3271946967961522,0.3202822309233318,11.683877734314635,-0.009870727028982174,332,2.408261765220722,-2.1249289848818407,3.619812657077299,-1.289641057705902,22.564703,130.89069,8.73151,28.502051964898758,1482.566156431686,63.96484375,1728.6572265625,544.564453125,38.630859375,1852.8525390625,1316.173828125,1784.6982421875,2.107373423217223,11.361579599282315,13.267268434667454,25.698428317164275,35.7822265625,204.8125,241.6240234375,541.625,21.9208984375,134.81640625,165.24609375,397.0341796875,2007-04-29,382.53
581,582,59.2,37.95,1.4,17.2,94425.0,-1332480.0,3577,59.6259455714475,40.55262291887073,0.0,5,2007,126,0.40471456356112473,0.33839004177513726,11.61769398543991,-0.009121004803727573,339,2.408261765220722,-2.1249289848818407,3.619812657077299,-1.289641057705902,22.564703,130.89069,8.73151,28.502051964898758,1482.566156431686,4.1064453125,1675.091796875,582.5791015625,87.03125,1879.861328125,1316.12890625,1782.865234375,1.9616775091651355,11.237728120282672,13.468953022499537,29.323611294988986,36.638671875,213.6591796875,240.5947265625,550.8896484375,21.4462890625,135.025390625,156.7373046875,388.375,2007-05-06,382.53
582,583,56.35,41.25,1.3,16.25,94425.0,-1332480.0,3577,58.26606118338995,42.49711439230928,0.0,5,2007,127,0.40471456356112473,0.340966867022661,11.608692849968236,-0.00900113547167436,340,2.408261765220722,-2.1249289848818407,3.619812657077299,-1.289641057705902,22.564703,130.89069,8.73151,28.502051964898758,1482.566156431686,4.1064453125,1664.025390625,585.6455078125,95.03125,1879.861328125,1314.3515625,1784.642578125,1.6910975918526843,11.389425711067796,13.453669528169533,29.48732644414296,34.619140625,214.986328125,242.07421875,550.580078125,22.65625,134.4609375,157.2470703125,385.6552734375,2007-05-07,382.53
583,584,51.0,47.3333333333333,1.0,17.0,94395.0,-1332525.0,3577,51.6353756666373,44.77687797238212,2.5902877308446124,5,2007,135,0.40471456356112473,0.36148771249771944,11.541403166164846,-0.007920369677286487,348,2.408261765220722,-2.1249289848818407,3.619812657077299,-1.289641057705902,22.564703,130.89069,8.73151,28.502051964898758,1482.566156431686,15.2041015625,1457.8603515625,786.92578125,102.220703125,1879.6865234375,1314.47265625,1784.68359375,1.2994460952577067,11.602231634278574,13.05917733796805,30.46783439100456,33.7890625,207.5751953125,248.1923828125,553.65234375,23.6162109375,130.14453125,156.4921875,366.3955078125,2007-05-15,382.53
584,585,47.6,46.9,4.45,17.55,94425.0,-1332480.0,3577,48.5536967676214,47.5933891186142,2.9464569486236885,5,2007,142,0.40471456356112473,0.3793013413695274,11.49037598080188,-0.0067920243022854265,355,2.408261765220722,-2.1249289848818407,3.619812657077299,-1.289641057705902,22.564703,130.89069,8.73151,28.502051964898758,1482.566156431686,13.4501953125,1418.3271484375,803.22265625,127.2587890625,1879.6865234375,1265.1796875,1832.73828125,1.8102347659027855,11.41548745406369,12.901677729536281,30.259743294305153,35.4189453125,208.703125,241.3642578125,560.220703125,23.6357421875,143.544921875,153.7607421875,357.6416015625,2007-05-22,382.53
585,586,49.5,46.2,3.1,16.7,94425.0,-1332480.0,3577,47.55884084954582,49.22676719564528,2.288006884755768,5,2007,143,0.40471456356112473,0.38183490972767653,11.483759067789476,-0.006616913012404524,356,2.408261765220722,-2.1249289848818407,3.619812657077299,-1.289641057705902,22.564703,130.89069,8.73151,28.502051964898758,1482.566156431686,13.4501953125,1399.3046875,822.2451171875,127.20703125,1879.73828125,1264.0703125,1833.84765625,2.089578853049013,11.386700456858943,12.591070782393222,30.584108591845734,34.2685546875,209.4833984375,241.333984375,561.0576171875,22.396484375,143.0849609375,156.5205078125,357.4765625,2007-05-23,382.53
586,587,42.9,52.0,4.25,15.45,94425.0,-1332480.0,3577,45.27903396912008,49.6865382811129,4.035221589555353,6,2007,158,0.479425538604203,0.4194839069007152,11.407721284928089,-0.0036108881279233174,6,9.292920873414836,-2.1249289848818407,3.619812657077299,-1.289641057705902,22.564703,130.89069,8.73151,28.502051964898758,1482.566156431686,16.3642578125,411.7041015625,1752.5693359375,184.4833984375,1879.73828125,1251.4228515625,1846.4169921875,1.8098512693311073,12.09654320667638,12.948114477138981,30.560500133240353,34.19921875,200.2451171875,240.6337890625,554.2138671875,23.1279296875,136.056640625,164.2529296875,363.75390625,2007-06-07,382.53
587,588,42.6,51.85,4.6,15.75,94425.0,-1332480.0,3577,42.0437441815088,50.4869763363496,6.421755179803757,6,2007,166,0.479425538604203,0.43927773034583373,11.386994324748727,-0.0017814725844917945,14,9.292920873414836,-2.1249289848818407,3.619812657077299,-1.289641057705902,22.564703,130.89069,8.73151,28.502051964898758,1482.566156431686,2.92578125,263.2294921875,1867.99609375,230.9697265625,1879.73828125,1251.4228515625,1846.4169921875,2.4598873506388275,12.0768966002671,14.077602638437456,30.70126570005937,32.3193359375,180.0341796875,232.724609375,552.6337890625,21.4775390625,103.8671875,157.896484375,375.65625,2007-06-15,382.53
588,589,46.1,50.3,2.55,15.85,94425.0,-1332480.0,3577,39.95638355452,49.723176513881164,9.18181818181681,6,2007,175,0.479425538604203,0.46129308162738264,11.38163371087441,0.00035792445433813214,23,9.292920873414836,-2.1249289848818407,3.619812657077299,-1.289641057705902,22.564703,130.89069,8.73151,28.502051964898758,1482.566156431686,11.7392578125,103.0712890625,2009.263671875,249.8720703125,1879.73828125,1251.4228515625,1846.4169921875,1.25170260699027,7.969229785125898,14.987441663740567,31.432490925222638,28.12890625,169.494140625,220.2333984375,531.9462890625,20.2783203125,129.4384765625,134.7041015625,361.435546875,2007-06-24,382.53
589,590,33.8,46.7,18.05,15.55,94425.0,-1332480.0,3577,37.602572582210925,49.14356863466037,12.091383229771516,7,2007,182,0.5508090958869698,0.47822292126032895,11.390770301593188,0.0020093910078209376,30,9.292920873414836,-2.1249289848818407,3.619812657077299,-1.289641057705902,22.564703,130.89069,8.73151,28.502051964898758,1482.566156431686,8.9833984375,42.056640625,1975.3828125,347.5283203125,1879.73828125,1251.4228515625,1846.4169921875,1.1231218909329175,9.117260451598705,9.220932392116168,33.62085195112286,28.5087890625,171.103515625,197.623046875,510.9658203125,13.4580078125,106.638671875,149.716796875,329.4267578125,2007-07-01,382.53
590,591,32.4,49.2,17.3,15.6,94425.0,-1332480.0,3577,35.634205113766356,48.89941328021092,14.31335166381392,7,2007,191,0.5508090958869698,0.49973055152418083,11.41904718212103,0.0040231307803786365,39,9.292920873414836,-2.1249289848818407,3.619812657077299,-1.289641057705902,22.564703,130.89069,8.73151,28.502051964898758,1482.566156431686,8.830078125,19.9228515625,1974.103515625,371.0947265625,1879.73828125,1251.4228515625,1846.4169921875,1.5471907920247565,10.160261285446586,10.623383790511209,27.052244046601167,27.7109375,183.236328125,199.357421875,478.5439453125,14.41796875,93.1171875,104.076171875,327.2470703125,2007-07-10,382.53
591,592,36.0,47.0,15.8,14.8,94425.0,-1332480.0,3577,34.45079077268964,47.89988687782089,16.410793695466168,7,2007,198,0.5508090958869698,0.5162493246712834,11.452996687686085,0.0054496009385633926,46,9.292920873414836,-2.1249289848818407,3.619812657077299,-1.289641057705902,22.564703,130.89069,8.73151,28.502051964898758,1482.566156431686,8.830078125,16.3642578125,1897.6455078125,439.5537109375,1891.2958984375,1251.4228515625,1846.4169921875,1.8002919561172752,10.913498989767026,11.707452077471341,22.688186173371808,31.62109375,179.986328125,210.947265625,457.66796875,19.498046875,100.0283203125,107.53515625,296.619140625,2007-07-17,382.53
592,593,34.8,49.8,14.25,15.15,94425.0,-1332480.0,3577,35.100377254319376,47.55549535603005,16.0693963930782,7,2007,199,0.5508090958869698,0.5185937906461534,11.458637935679427,0.005641247993342091,47,9.292920873414836,-2.1249289848818407,3.619812657077299,-1.289641057705902,22.564703,130.89069,8.73151,28.502051964898758,1482.566156431686,8.80078125,16.3935546875,1885.75,451.44921875,1891.2958984375,1251.4228515625,1846.4169921875,1.9282024465764347,11.095448528381926,11.778305988615326,22.754204773579076,32.7509765625,183.8359375,207.84765625,456.8603515625,18.4775390625,105.98828125,104.095703125,289.21875,2007-07-18,382.53
593,594,36.45,47.05,15.2,14.55,94425.0,-1332480.0,3577,34.88494825607307,48.24574844659263,15.618318214291115,7,2007,206,0.5508090958869698,0.5348950775076794,11.503215101470369,0.006889651470586955,54,9.292920873414836,-2.1249289848818407,3.619812657077299,-1.289641057705902,22.564703,130.89069,8.73151,28.502051964898758,1482.566156431686,0.0048828125,25.189453125,1813.603515625,523.595703125,1891.2958984375,1251.4228515625,1846.4169921875,1.8292684364184204,11.217694279553523,13.023650974958361,25.298256745160195,31.9111328125,182.6064453125,216.5869140625,466.9951171875,19.498046875,107.578125,124.4658203125,246.677734375,2007-07-25,382.53
594,595,35.55,49.15,14.05,14.35,94425.0,-1332480.0,3577,36.40752018878409,48.74718980708964,13.621533265494081,7,2007,207,0.5508090958869698,0.5372079123056154,11.510269379481299,0.0070542780109299486,55,9.292920873414836,-2.1249289848818407,3.619812657077299,-1.289641057705902,22.564703,130.89069,8.73151,28.502051964898758,1482.566156431686,0.0,25.1943359375,1811.3408203125,525.8583984375,1891.2958984375,1251.4228515625,1846.4169921875,1.93515210286043,11.11527215325067,13.217745622353824,25.68677420081074,31.4912109375,183.5869140625,219.376953125,466.216796875,18.2978515625,109.7080078125,126.345703125,240.6376953125,2007-07-26,382.53
595,596,38.45,48.35,11.9,14.25,94425.0,-1332480.0,3577,37.29064225247878,48.783248717219756,12.669333607567008,8,2007,214,0.618369803069737,0.5532838822146887,11.56396544156021,0.008108890438775163,62,9.292920873414836,-2.1249289848818407,3.619812657077299,-1.289641057705902,22.564703,130.89069,8.73151,28.502051964898758,1482.566156431686,0.0,25.1943359375,1734.01953125,603.1796875,1891.2958984375,1251.4228515625,1846.412109375,1.7800976018091816,11.892189948464484,13.0504242561111,28.28113603265335,32.189453125,198.8359375,215.078125,486.236328125,17.6572265625,106.3857421875,128.005859375,262.9072265625,2007-08-02,382.53
596,597,37.375,48.875,12.5,13.875,94436.25,-1332446.25,3577,37.55965218990974,49.062558726096285,12.150019485156989,8,2007,215,0.618369803069737,0.5555639748167264,11.572211107004067,0.008245665443856964,63,9.292920873414836,-2.1249289848818407,3.619812657077299,-1.289641057705902,22.564703,130.89069,8.73151,28.502051964898758,1482.566156431686,0.0,25.1943359375,1710.345703125,626.853515625,1891.2958984375,1251.4228515625,1846.412109375,1.4682309847799642,11.895228487423697,12.834497180045918,28.72663366521011,31.12890625,198.39453125,216.9677734375,486.1064453125,18.1572265625,105.8154296875,127.6455078125,264.517578125,2007-08-03,382.53
597,598,38.25,51.4,9.35,14.8,94425.0,-1332480.0,3577,38.32626112277242,49.90140347268085,10.669080300502854,8,2007,222,0.618369803069737,0.5714069053422203,11.633477045882966,0.009109074103331949,70,9.292920873414836,-2.1249289848818407,3.619812657077299,-1.289641057705902,22.564703,130.89069,8.73151,28.502051964898758,1482.566156431686,0.0,25.1943359375,1462.30859375,874.890625,1891.2958984375,1251.4228515625,1846.412109375,2.27447554013408,11.47145630414229,13.363459472203662,29.7828248566407,31.5390625,188.8037109375,229.5234375,495.2265625,16.88671875,110.271484375,123.97265625,288.0673828125,2007-08-10,382.53
598,599,35.95,48.9,14.0,13.45,94425.0,-1332480.0,3577,39.051584792910226,50.357367555038046,9.545533568597156,8,2007,223,0.618369803069737,0.5736531604577998,11.642696456140063,0.009219410257097493,71,9.292920873414836,-2.1249289848818407,3.619812657077299,-1.289641057705902,22.564703,130.89069,8.73151,28.502051964898758,1482.566156431686,0.0,25.19140625,1462.3115234375,874.890625,1891.2958984375,1251.4228515625,1846.412109375,2.2883466781802486,12.279870113191262,12.77392501017622,30.10082513442744,33.4990234375,189.013671875,227.3818359375,500.556640625,18.107421875,109.9609375,120.8623046875,292.88671875,2007-08-11,382.53
599,600,43.05,50.3,5.65,14.25,94425.0,-1332480.0,3577,39.955336588070566,50.91953982549197,8.151147820186852,8,2007,230,0.618369803069737,0.5892554411139688,11.710064893927553,0.009906824107533296,78,9.292920873414836,-2.1249289848818407,3.619812657077299,-1.289641057705902,22.564703,130.89069,8.73151,28.502051964898758,1482.566156431686,1.4296875,11.744140625,1450.638671875,900.0107421875,1891.2958984375,1251.4228515625,1846.4111328125,1.0030226278577516,12.139814661208737,14.56821679137151,29.657004522249835,24.96875,204.68359375,222.5126953125,508.5615234375,18.8671875,121.6806640625,128.068359375,287.4033203125,2007-08-18,382.53
600,601,37.85,51.65,9.5,14.3,94425.0,-1332480.0,3577,40.3068972049562,51.03648325358088,7.649812725972575,8,2007,231,0.618369803069737,0.5914667797070804,11.720058376347582,0.009993482420028954,79,9.292920873414836,-2.1249289848818407,3.619812657077299,-1.289641057705902,22.564703,130.89069,8.73151,28.502051964898758,1482.566156431686,4.677734375,11.744140625,1449.935546875,900.7138671875,1891.2958984375,1251.4228515625,1846.4111328125,1.5559020870562004,10.815033748728567,15.045143432081776,29.514895282962346,29.3486328125,195.7431640625,223.4931640625,510.7490234375,20.107421875,119.6708984375,131.6181640625,286.142578125,2007-08-19,382.53
601,602,44.55,53.05,1.7,15.0,94425.0,-1332480.0,3577,39.729042087937074,51.018214834693275,8.162560349865633,8,2007,238,0.618369803069737,0.6068209156094186,11.792216100650641,0.01052644601157482,86,9.292920873414836,-2.1249289848818407,3.619812657077299,-1.289641057705902,22.564703,130.89069,8.73151,28.502051964898758,1482.566156431686,4.677734375,8.9833984375,1265.9775390625,1087.4326171875,1891.2958984375,1251.4228515625,1846.4111328125,2.0182172320767977,13.51043068873575,12.370935835784767,31.7255415349982,32.62890625,196.443359375,225.091796875,517.2744140625,15.4365234375,115.072265625,139.7783203125,290.115234375,2007-08-26,382.53
602,603,36.05,49.65,12.95,13.35,94425.0,-1332480.0,3577,39.524522433185254,51.20625148844198,8.20381187439888,8,2007,239,0.618369803069737,0.6089962754169406,11.802808772939885,0.010592672289243765,87,9.292920873414836,-2.1249289848818407,3.619812657077299,-1.289641057705902,22.564703,130.89069,8.73151,28.502051964898758,1482.566156431686,4.677734375,8.9833984375,1218.427734375,1134.982421875,1891.2958984375,1251.4228515625,1846.4111328125,2.339587547467316,13.599029706498495,12.242366089140479,31.728133302843993,33.359375,197.703125,221.6123046875,518.65234375,17.966796875,109.181640625,142.978515625,287.9345703125,2007-08-27,382.53
603,604,38.15,50.2,10.35,13.2,94425.0,-1332480.0,3577,38.08755168979057,51.04767206476969,9.768138517827454,9,2007,246,0.6816387600233341,0.6240948908825068,11.878621854031948,0.01099355850900885,94,9.292920873414836,-2.1249289848818407,3.619812657077299,-1.289641057705902,22.564703,130.89069,8.73151,28.502051964898758,1482.566156431686,4.677734375,8.830078125,454.779296875,1898.7841796875,1891.2958984375,1250.5361328125,1847.2958984375,2.7275216625219363,14.48485583192882,15.93861725396581,31.196574381808247,36.19140625,208.9560546875,231.0625,512.8828125,23.3857421875,118.4013671875,127.1484375,310.05078125,2007-09-03,382.53
604,605,38.15,50.8,9.95,13.05,94425.0,-1332480.0,3577,36.657270300168506,50.28408062524959,11.876534969021371,9,2007,247,0.6816387600233341,0.6262332269244854,11.889664241734003,0.011042387702055123,95,9.292920873414836,-2.1249289848818407,3.619812657077299,-1.289641057705902,22.564703,130.89069,8.73151,28.502051964898758,1482.566156431686,4.677734375,8.830078125,428.068359375,1925.4951171875,1891.2958984375,1250.5361328125,1847.2958984375,2.7071094075006106,14.707088869591875,16.18991514750222,31.599688213503065,36.4013671875,210.6884765625,232.232421875,513.2431640625,25.2958984375,123.330078125,124.2685546875,314.060546875,2007-09-04,382.53
605,606,32.3333333333333,51.0,15.3333333333333,12.6666666666667,94395.0,-1332525.0,3577,34.829311224319866,50.3421788737503,13.561191735859737,9,2007,254,0.6816387600233341,0.6410690690149683,11.968164976261734,0.011330227645455437,102,9.292920873414836,-2.1249289848818407,3.619812657077299,-1.289641057705902,22.564703,130.89069,8.73151,28.502051964898758,1482.566156431686,4.677734375,8.830078125,290.0908203125,2063.47265625,1891.2958984375,1250.5361328125,1847.291015625,2.2798795353315953,15.647696709958758,17.414198277092485,32.74445992892351,35.4306640625,205.5966796875,247.08984375,521.982421875,18.845703125,108.025390625,148.6259765625,306.7109375,2007-09-11,382.53
606,607,35.65,50.1,13.3,12.25,94425.0,-1332480.0,3577,34.060046080686256,50.18672086426754,14.439138220421704,9,2007,255,0.6816387600233341,0.6431693540965963,11.979528962491102,0.01136398622936774,103,9.292920873414836,-2.1249289848818407,3.619812657077299,-1.289641057705902,22.564703,130.89069,8.73151,28.502051964898758,1482.566156431686,4.6787109375,8.830078125,287.3134765625,2066.25,1891.2958984375,1250.5361328125,1847.291015625,2.471595912492774,14.869776773821533,18.181238620652604,32.977031095873876,36.0009765625,205.896484375,247.361328125,521.9931640625,19.9755859375,102.705078125,152.8349609375,308.541015625,2007-09-12,382.53
607,608,34.95,51.3,12.6,12.65,94425.0,-1332480.0,3577,33.088069157495525,51.089161921662026,14.505756326122413,9,2007,262,0.6816387600233341,0.6577352961024162,12.05987546002561,0.011551599882047014,110,9.292920873414836,-2.1249289848818407,3.619812657077299,-1.289641057705902,22.564703,130.89069,8.73151,28.502051964898758,1482.566156431686,0.0009765625,4.6826171875,180.62890625,2181.759765625,1890.787109375,1251.044921875,1847.291015625,2.8236601883143364,15.80945214021725,17.34137268631431,38.915903627386,38.12109375,220.0556640625,241.8974609375,547.7421875,19.8056640625,118.7861328125,122.6806640625,318.3974609375,2007-09-19,382.53
608,609,31.0,48.0,19.0,12.0,94365.0,-1332525.0,3577,35.11442917789956,49.71330619843809,13.845366311487751,9,2007,263,0.6816387600233341,0.6597965213074676,12.071447034841347,0.01157157481573634,111,9.292920873414836,-2.1249289848818407,3.619812657077299,-1.289641057705902,22.564703,130.89069,8.73151,28.502051964898758,1482.566156431686,0.0009765625,4.6826171875,180.431640625,2181.95703125,1890.787109375,1251.044921875,1847.291015625,2.8125850348839836,16.20441719914735,17.127970815533395,39.30400989622867,38.0107421875,222.9052734375,242.3974609375,549.224609375,18.49609375,120.005859375,122.7607421875,315.56640625,2007-09-20,382.53
609,610,35.55,52.7,10.5,10.15,94425.0,-1332480.0,3577,34.46090507992387,50.90438199570566,13.273794284579324,9,2007,270,0.6816387600233341,0.6740855661712415,12.152864553502909,0.011663696277551594,118,9.292920873414836,-2.1249289848818407,3.619812657077299,-1.289641057705902,22.564703,130.89069,8.73151,28.502051964898758,1482.566156431686,0.0029296875,4.677734375,62.6513671875,2299.73828125,1890.791015625,1251.044921875,1846.3486328125,2.639403336635529,16.345135571090523,19.017002234031334,40.242065564259846,37.2314453125,227.1162109375,260.916015625,559.3896484375,22.666015625,119.107421875,138.501953125,314.05859375,2007-09-27,382.53
610,611,34.35,54.65,9.95,11.7,94425.0,-1332480.0,3577,33.37253800460079,53.46977960119577,11.857790246251888,9,2007,271,0.6816387600233341,0.6761067413467257,12.164534475222968,0.011669921720059762,119,9.292920873414836,-2.1249289848818407,3.619812657077299,-1.289641057705902,22.564703,130.89069,8.73151,28.502051964898758,1482.566156431686,0.0029296875,4.677734375,51.58984375,2310.7998046875,1890.791015625,1251.044921875,1846.3486328125,2.6419200187102474,16.19753403724177,19.167214041559085,40.588099499307674,36.80078125,226.2763671875,263.0361328125,560.4814453125,23.06640625,124.107421875,136.2919921875,313.9775390625,2007-09-28,382.53
611,612,38.4210526315789,47.0,13.2631578947368,8.57894736842105,94428.1578947368,-1332482.36842105,3577,35.612503812514774,53.06984563423399,10.054623376187777,10,2007,278,0.7401768531960371,0.6901120250244518,12.246245008084735,0.011662010485347096,126,9.292920873414836,-2.1249289848818407,3.619812657077299,-1.289641057705902,22.564703,130.89069,8.73151,28.502051964898758,1482.566156431686,0.140625,4.677734375,29.30078125,2333.0849609375,1890.794921875,1251.044921875,1846.2705078125,2.6102373714249323,16.900426196330923,18.839454055952018,41.57407492021416,37.9443359375,225.6943359375,263.0771484375,576.15625,24.2578125,129.7216796875,147.173828125,297.4345703125,2007-10-05,382.53
612,613,39.6,53.4,5.8,13.0,94425.0,-1332525.0,3577,39.11455347966494,51.2501939494897,8.397573137080183,10,2007,286,0.7401768531960371,0.7058069740145997,12.339042983632998,0.011530740893071822,134,9.292920873414836,-2.1249289848818407,3.619812657077299,-1.289641057705902,22.564703,130.89069,8.73151,28.502051964898758,1482.566156431686,5.671875,4.6787109375,26.99609375,2335.3896484375,1890.794921875,1251.0439453125,1830.0244140625,2.9324491067052483,14.735814821221227,19.494078883895867,43.29329343726984,39.6337890625,226.5146484375,264.1923828125,599.9951171875,25.7978515625,145.5068359375,155.7509765625,325.91796875,2007-10-13,382.53
613,614,40.4,48.6,9.75,12.5,94425.0,-1332480.0,3577,43.57124917339354,48.30529563315219,6.967205775050581,11,2007,311,0.793577803248942,0.7526349479176189,12.61098039455272,0.009933355624117013,159,9.292920873414836,-2.1249289848818407,3.619812657077299,-1.289641057705902,22.564703,130.89069,8.73151,28.502051964898758,1482.566156431686,18.1806640625,5.021484375,25.1943359375,2261.77734375,1937.9462890625,1279.2919921875,1785.7919921875,2.51436076964747,16.074171662912068,18.48319708591504,42.62207473898463,37.822265625,229.654296875,268.578125,600.6748046875,25.2158203125,154.2685546875,172.6259765625,385.017578125,2007-11-07,382.53
614,615,38.25,57.75,3.0,14.25,94410.0,-1332495.0,3577,48.041404808046636,44.4398367112697,6.3439838059655,11,2007,327,0.793577803248942,0.7807657406186524,12.751264129210702,0.0075415510197966995,175,9.292920873414836,-2.1249289848818407,3.619812657077299,-1.289641057705902,22.564703,130.89069,8.73151,28.502051964898758,1482.566156431686,42.3408203125,6.2265625,13.822265625,2237.599609375,1838.720703125,1360.6337890625,1773.955078125,1.7856850003653995,11.955153365458349,17.781824776124157,42.70405791577245,36.591796875,219.162109375,266.9033203125,613.8681640625,24.005859375,146.40625,177.90234375,401.232421875,2007-11-23,382.53
615,616,62.9,27.65,8.05,13.9,94425.0,-1332480.0,3577,53.66261696091023,39.2952521420729,5.7769847837685875,1,2008,18,0.08323691620031025,0.04929508207995412,12.769825111249844,-0.006872388348874381,231,9.292920873414836,-2.1249289848818407,3.619812657077299,-1.289641057705902,22.564703,130.89069,8.73151,28.502051964898758,1482.566156431686,568.4365234375,165.890625,10.755859375,1922.83984375,1702.0947265625,1342.177734375,1552.9794921875,1.7046620124056249,6.6600228648904505,6.577837063344845,18.75216068071634,35.408203125,197.3486328125,227.2158203125,531.1220703125,27.154296875,154.244140625,170.1572265625,397.61328125,2008-01-18,384.42
616,617,70.85,25.35,2.4,18.1,94425.0,-1332480.0,3577,60.99628149129845,33.46477121948759,4.322609251456172,2,2008,33,0.16589613269341502,0.09028783724052472,12.644450783829429,-0.009480375611570224,246,9.292920873414836,-2.1249289848818407,3.619812657077299,-1.289641057705902,22.564703,130.89069,8.73151,28.502051964898758,1482.566156431686,324.494140625,496.345703125,12.291015625,1777.9541015625,1603.6044921875,1535.837890625,1437.89453125,1.3588112655745328,8.894964098092965,10.507333342678148,17.793485139091047,34.744140625,212.0390625,244.85546875,529.7978515625,25.837890625,152.1044921875,177.466796875,403.8642578125,2008-02-02,384.42
617,618,56.8,36.8,5.4,15.6,94371.0,-1332471.0,3577,66.92108348713998,27.696613757755138,4.1470075712125904,2,2008,34,0.16589613269341502,0.09301603117127316,12.634836820227676,-0.009613963601752928,247,9.292920873414836,-2.1249289848818407,3.619812657077299,-1.289641057705902,22.564703,130.89069,8.73151,28.502051964898758,1482.566156431686,322.54296875,506.9169921875,12.291015625,1759.2138671875,1612.0478515625,1496.6875,1466.017578125,1.7679882515924006,8.979453560439113,10.54224061658185,17.995213683731553,36.484375,212.0048828125,246.8359375,529.328125,25.0283203125,152.8779296875,178.5673828125,402.423828125,2008-02-03,384.42
618,619,66.8888888888889,26.6666666666667,5.22222222222222,10.9444444444444,94431.6666666667,-1332476.66666667,3577,72.21279192851765,23.46190545779979,3.05399164117751,3,2008,66,0.24740395925452294,0.17983815151477422,12.281906949603053,-0.01177371198390631,279,9.292920873414836,-2.1249289848818407,3.619812657077299,-1.289641057705902,22.564703,130.89069,8.73151,28.502051964898758,1482.566156431686,616.7861328125,732.1220703125,106.5673828125,468.287109375,2591.09765625,1447.3447265625,1285.154296875,1.3037006359874528,6.285973237656753,5.685976635403595,14.194886231298186,34.1435546875,195.3232421875,219.73828125,511.1552734375,24.10546875,145.7451171875,172.10546875,392.6279296875,2008-03-06,384.42
619,620,77.625,20.875,0.1875,22.4375,94411.875,-1332485.625,3577,74.37626730853174,22.582676997921304,1.8101393575462077,3,2008,73,0.24740395925452294,0.19866933079506122,12.199152431528926,-0.011843150898656063,286,9.292920873414836,-2.1249289848818407,3.619812657077299,-1.289641057705902,22.564703,130.89069,8.73151,28.502051964898758,1482.566156431686,526.861328125,841.798828125,139.9765625,303.7177734375,2581.701171875,1572.4052734375,1269.048828125,1.1258621326004972,6.387056856223,7.589673873644206,13.08136765712574,32.68359375,196.275390625,229.466796875,503.1259765625,24.384765625,147.48046875,169.8505859375,390.1474609375,2008-03-13,384.42
620,621,79.55,19.05,0.2,19.5,94425.0,-1332480.0,3577,72.95119279584134,23.66839112899131,2.1808345807955556,3,2008,74,0.24740395925452294,0.20135369573249767,12.187307790749482,-0.011844640779443694,287,9.292920873414836,-2.1249289848818407,3.619812657077299,-1.289641057705902,22.564703,130.89069,8.73151,28.502051964898758,1482.566156431686,510.5966796875,861.095703125,145.0830078125,303.599609375,2566.0771484375,1572.779296875,1260.4365234375,1.0381833575571864,6.123287364044583,8.259278990249005,13.080173861020631,33.8037109375,193.9345703125,233.2275390625,504.2353515625,23.5146484375,146.8603515625,169.677734375,391.607421875,2008-03-14,384.42
621,622,71.9285714285714,22.2142857142857,4.57142857142857,16.9285714285714,94420.7142857143,-1332497.14285714,3577,70.49621129598079,26.303131771271886,2.030623319070139,3,2008,81,0.24740395925452294,0.2201008047601089,12.104517625974855,-0.011800736181630356,294,9.292920873414836,-2.1249289848818407,3.619812657077299,-1.289641057705902,22.564703,130.89069,8.73151,28.502051964898758,1482.566156431686,398.4658203125,981.6806640625,175.9130859375,191.80859375,2645.5966796875,1511.6953125,1281.7470703125,1.5805339068671433,8.067965248820745,7.16147072160177,15.536525220777351,35.0537109375,206.412109375,227.73828125,516.2939453125,24.794921875,149.140625,170.375,392.1591796875,2008-03-21,384.42
622,623,67.05,30.55,1.15,15.45,94425.0,-1332480.0,3577,70.99660681368516,24.869338381184914,2.9419743277466592,3,2008,82,0.24740395925452294,0.22277251545669122,12.092730662565597,-0.011786963409258888,295,9.292920873414836,-2.1249289848818407,3.619812657077299,-1.289641057705902,22.564703,130.89069,8.73151,28.502051964898758,1482.566156431686,394.4443359375,985.7021484375,175.9130859375,185.3125,2650.81640625,1507.541015625,1286.4111328125,1.4132345259607775,8.100124454922947,7.71280943716865,15.662318119024778,34.1142578125,206.4521484375,231.09765625,515.8837890625,24.615234375,148.990234375,171.1552734375,391.1259765625,2008-03-22,384.42
623,624,68.7,30.1,0.25,16.05,94425.0,-1332480.0,3577,70.46882616187821,25.21301556110124,3.088530525337543,3,2008,89,0.24740395925452294,0.24142654866249988,12.010760802407965,-0.011639499677512433,302,9.292920873414836,-2.1249289848818407,3.619812657077299,-1.289641057705902,22.564703,130.89069,8.73151,28.502051964898758,1482.566156431686,314.4130859375,895.6748046875,374.7626953125,93.9775390625,2684.638671875,1510.3994140625,1298.34375,1.471496835728536,8.430724887882587,9.513358980883725,17.689150920789835,33.9443359375,207.033203125,240.56640625,527.2431640625,24.6845703125,149.1298828125,173.60546875,390.17578125,2008-03-29,384.42
624,625,63.5,25.5,9.75,14.25,94380.0,-1332510.0,3577,68.28038016469863,26.733037872177587,3.710388822020579,3,2008,90,0.24740395925452294,0.24408432170565875,11.999149671125483,-0.011611131282482035,303,9.292920873414836,-2.1249289848818407,3.619812657077299,-1.289641057705902,22.564703,130.89069,8.73151,28.502051964898758,1482.566156431686,306.201171875,806.5673828125,473.5888671875,67.4697265625,2662.9716796875,1558.57421875,1298.34375,1.5266246035766196,8.376808912600449,9.697473183532901,18.31042302097721,34.4541015625,206.8134765625,240.046875,530.6630859375,24.224609375,148.689453125,173.0654296875,390.6630859375,2008-03-30,384.42
625,626,70.1,25.65,2.75,17.4,94425.0,-1332480.0,3577,68.40165024444596,26.83846362479659,3.41867083272442,4,2008,97,0.3271946967961522,0.26263631823147177,11.91882331532403,-0.011359875707750433,310,9.292920873414836,-2.1249289848818407,3.619812657077299,-1.289641057705902,22.564703,130.89069,8.73151,28.502051964898758,1482.566156431686,173.7568359375,763.8681640625,696.1083984375,34.32421875,2556.154296875,1694.4912109375,1290.2236328125,2.0266356482971926,9.395078985238701,9.903433516177069,19.74861721426111,34.822265625,203.2861328125,241.267578125,537.482421875,23.560546875,142.71484375,172.9140625,394.05078125,2008-04-06,384.42
626,627,75.65,22.65,0.3,18.0,94425.0,-1332480.0,3577,69.70847802324275,26.68170980477491,2.2018277693461807,4,2008,98,0.3271946967961522,0.2652788769038835,11.907507109983527,-0.011316205340502705,311,9.292920873414836,-2.1249289848818407,3.619812657077299,-1.289641057705902,22.564703,130.89069,8.73151,28.502051964898758,1482.566156431686,156.8994140625,773.3125,703.4970703125,34.3486328125,2554.26953125,1696.3759765625,1290.2236328125,2.134381741978667,9.7406209694981,10.071118115011522,20.264990294266386,34.3916015625,203.654296875,240.8779296875,540.671875,22.6806640625,140.8505859375,173.18359375,395.041015625,2008-04-07,384.42
627,628,70.5555555555556,26.3333333333333,1.66666666666667,18.2222222222222,94431.6666666667,-1332448.33333333,3577,69.96098766168603,27.219691269564994,1.381911624847708,4,2008,106,0.3271946967961522,0.28634599979986336,11.818799650989765,-0.010891064522150273,319,9.292920873414836,-2.1249289848818407,3.619812657077299,-1.289641057705902,22.564703,130.89069,8.73151,28.502051964898758,1482.566156431686,111.166015625,785.2734375,731.5986328125,37.71484375,2543.869140625,1687.142578125,1312.0302734375,1.8360934978090342,11.799883350276147,12.005325890203217,23.080633104161507,33.26171875,209.302734375,238.154296875,550.232421875,21.69140625,130.9365234375,162.9775390625,394.6591796875,2008-04-15,384.42
628,629,65.2105263157895,32.8947368421053,0.315789473684211,17.7894736842105,94428.1578947368,-1332477.63157895,3577,67.82406776771904,29.604595968906352,1.1119900820485773,4,2008,113,0.3271946967961522,0.30466724073398044,11.744467662273346,-0.010397255606148903,326,9.292920873414836,-2.1249289848818407,3.619812657077299,-1.289641057705902,22.564703,130.89069,8.73151,28.502051964898758,1482.566156431686,78.0185546875,815.6552734375,734.169921875,36.107421875,2502.134765625,1726.7265625,1315.982421875,1.7258269476850483,13.299314168879995,13.635976848085182,25.388485810831824,33.1318359375,206.6708984375,242.564453125,548.33984375,22.4013671875,129.7763671875,152.6279296875,384.5712890625,2008-04-22,384.42
629,630,64.25,34.05,0.4,16.7,94425.0,-1332480.0,3577,64.89151880924581,33.36633312100468,0.3165465461700938,4,2008,114,0.3271946967961522,0.3072755703568896,11.7341512102672,-0.010316452006145838,327,9.292920873414836,-2.1249289848818407,3.619812657077299,-1.289641057705902,22.564703,130.89069,8.73151,28.502051964898758,1482.566156431686,77.296875,806.654296875,743.8818359375,36.1181640625,2502.134765625,1726.60546875,1316.103515625,2.2201211570508446,12.769421286896433,14.088602369355247,25.678171054027032,35.001953125,204.541015625,243.07421875,548.248046875,23.0107421875,130.3466796875,151.2880859375,382.5869140625,2008-04-23,384.42
630,631,61.4,37.05,0.35,16.2,94425.0,-1332480.0,3577,61.21818741430016,36.88183968005805,0.5682934115473584,4,2008,121,0.3271946967961522,0.32546820322762066,11.66443280166225,-0.00967204215880102,334,9.292920873414836,-2.1249289848818407,3.619812657077299,-1.289641057705902,22.564703,130.89069,8.73151,28.502051964898758,1482.566156431686,47.5810546875,758.3134765625,820.5712890625,37.4853515625,2348.80859375,1879.861328125,1316.12890625,1.8495411552449774,13.459180515651461,14.989542443947277,29.69565530837075,34.3515625,206.6416015625,239.54296875,550.4443359375,20.771484375,120.0966796875,153.357421875,360.69140625,2008-04-30,384.42
631,632,58.8888888888889,37.3333333333333,2.33333333333333,16.1111111111111,94431.6666666667,-1332448.33333333,3577,57.880547044242164,39.22864650692807,1.5985787988555658,5,2008,122,0.40471456356112473,0.32805753461442005,11.654864667171191,-0.009568134491058089,0,11.320873796356892,-2.1249289848818407,3.619812657077299,-1.289641057705902,22.564703,130.89069,8.73151,28.502051964898758,1482.566156431686,29.3017578125,776.5927734375,820.5712890625,37.4853515625,2348.80859375,1879.861328125,1316.12890625,2.376425806204877,13.171008892324416,14.972303961135633,30.051973829340678,34.822265625,205.9609375,239.693359375,550.8623046875,22.37109375,118.5673828125,152.8369140625,360.2578125,2008-05-01,384.42
632,633,54.7,42.05,2.0,15.8,94425.0,-1332480.0,3577,56.55673312890164,41.261299625901565,0.9248337209473172,5,2008,129,0.40471456356112473,0.34611282020695194,11.59106347257106,-0.008751423933976099,7,11.320873796356892,-2.1249289848818407,3.619812657077299,-1.289641057705902,22.564703,130.89069,8.73151,28.502051964898758,1482.566156431686,0.0,754.2021484375,860.9130859375,48.8359375,2348.80859375,1879.861328125,1314.3515625,1.856435317804807,13.542275813056694,15.547434698529292,33.018951900273095,32.9990234375,206.0341796875,240.783203125,552.4013671875,18.236328125,132.806640625,140.9384765625,350.1171875,2008-05-08,384.42
633,634,54.55,43.2,1.0,15.0,94425.0,-1332480.0,3577,55.48725696568276,42.240222229559244,1.0495780304642992,5,2008,130,0.40471456356112473,0.3486819095177108,11.582441957811639,-0.008621514759420634,8,11.320873796356892,-2.1249289848818407,3.619812657077299,-1.289641057705902,22.564703,130.89069,8.73151,28.502051964898758,1482.566156431686,0.0,745.5546875,869.560546875,48.8359375,2348.80859375,1879.7666015625,1314.4462890625,2.1654344633511746,13.038885689731307,15.693407384284361,33.42971034724967,32.71875,203.8642578125,241.3203125,552.28125,21.0361328125,128.396484375,141.1640625,349.3671875,2008-05-09,384.42
634,635,54.9,42.65,1.3,15.5,94425.0,-1332480.0,3577,53.323717534064784,43.4450901577853,2.0111392056965065,5,2008,137,0.40471456356112473,0.3665911745948919,11.526017975423333,-0.007615501001248859,15,11.320873796356892,-2.1249289848818407,3.619812657077299,-1.289641057705902,22.564703,130.89069,8.73151,28.502051964898758,1482.566156431686,0.0,590.89453125,1022.904296875,36.712890625,2362.248046875,1879.6865234375,1312.083984375,2.202267439701794,12.138232277689653,15.204320153082481,35.03451536217879,33.869140625,200.9443359375,236.5830078125,550.52734375,22.99609375,129.8564453125,149.4326171875,339.2431640625,2008-05-16,384.42
635,636,51.35,44.75,2.7,15.35,94425.0,-1332480.0,3577,50.94393929897487,44.826816136439554,3.029786711577037,5,2008,145,0.40471456356112473,0.38689342918209935,11.471064207232777,-0.0062564754924085975,23,11.320873796356892,-2.1249289848818407,3.619812657077299,-1.289641057705902,22.564703,130.89069,8.73151,28.502051964898758,1482.566156431686,0.0,423.5703125,1123.7646484375,103.166015625,2362.20703125,1879.73828125,1264.0703125,2.1944671984026107,12.76101720481425,14.362564916747132,35.26927674144948,33.0185546875,198.0341796875,235.7734375,545.564453125,20.74609375,121.40625,154.033203125,334.9833984375,2008-05-24,384.42
636,637,52.25,44.7,1.8,14.65,94425.0,-1332480.0,3577,48.940229997033825,45.560441880094515,4.307295026953827,5,2008,146,0.40471456356112473,0.3894183423086505,11.46499298200285,-0.006071225229927535,24,11.320873796356892,-2.1249289848818407,3.619812657077299,-1.289641057705902,22.564703,130.89069,8.73151,28.502051964898758,1482.566156431686,0.0,410.6416015625,1135.8515625,104.0078125,2362.20703125,1879.73828125,1264.0703125,1.9317857310244668,12.660353595117918,14.786079497871597,34.92704021304884,32.859375,196.3740234375,236.8828125,544.501953125,20.6357421875,118.8359375,157.283203125,332.62890625,2008-05-25,384.42
637,638,44.0,47.3,7.5,16.75,94425.0,-1332480.0,3577,46.79565324595585,46.016071286807446,5.948828003780675,6,2008,153,0.479425538604203,0.407009831352486,11.427950629541279,-0.004685649857218976,31,11.320873796356892,-2.1249289848818407,3.619812657077299,-1.289641057705902,22.564703,130.89069,8.73151,28.502051964898758,1482.566156431686,0.0,244.2587890625,1291.3564453125,112.125,2364.9677734375,1879.73828125,1251.4228515625,1.7472399973960453,12.011640804199738,14.592139326142386,34.019712326636075,29.5888671875,190.173828125,229.2333984375,540.064453125,17.935546875,125.78515625,139.4716796875,348.748046875,2008-06-01,384.42
638,639,42.1,45.9,10.7,16.0,94425.0,-1332480.0,3577,44.73690849913092,46.34065686634653,7.6228030483437035,6,2008,154,0.479425538604203,0.40951083159183166,11.423474749131595,-0.004475880409684052,32,11.320873796356892,-2.1249289848818407,3.619812657077299,-1.289641057705902,22.564703,130.89069,8.73151,28.502051964898758,1482.566156431686,0.0,227.056640625,1308.55859375,112.125,2364.9677734375,1879.73828125,1251.4228515625,1.7470133404961072,11.749267182341265,14.336626981767296,33.8712604244587,30.458984375,186.9033203125,228.2041015625,538.7841796875,15.7783203125,122.154296875,139.482421875,346.4775390625,2008-06-02,384.42
639,640,44.05,47.4,7.3,15.9,94425.0,-1332480.0,3577,43.26932494749185,46.87531230378827,8.540834397799065,6,2008,161,0.479425538604203,0.4269307177680907,11.39823004393111,-0.0029381122377216684,39,11.320873796356892,-2.1249289848818407,3.619812657077299,-1.289641057705902,22.564703,130.89069,8.73151,28.502051964898758,1482.566156431686,0.0,132.9599609375,1361.23046875,153.396484375,2365.12109375,1879.73828125,1251.4228515625,1.8344870269959963,10.837948112648286,13.496280522837372,33.259448670242975,32.109375,195.1630859375,217.3623046875,532.544921875,23.1484375,122.0166015625,137.9326171875,338.3876953125,2008-06-09,384.42
640,641,44.15,46.65,7.85,14.75,94425.0,-1332480.0,3577,42.5456916148803,47.01675398903798,9.094138214725092,6,2008,162,0.479425538604203,0.4294066037120293,11.395520097915847,-0.002709946015261977,40,11.320873796356892,-2.1249289848818407,3.619812657077299,-1.289641057705902,22.564703,130.89069,8.73151,28.502051964898758,1482.566156431686,0.0,132.169921875,1362.0205078125,153.396484375,2365.12109375,1879.73828125,1251.4228515625,1.8434264245808314,10.865602891007837,13.457801937571316,33.233143277170996,33.279296875,196.09375,215.5625,531.9541015625,22.5283203125,129.357421875,131.7646484375,340.296875,2008-06-10,384.42
641,642,42.65,46.55,9.25,14.6,94425.0,-1332480.0,3577,42.6552555803266,47.01068436207053,9.015266621921622,6,2008,177,0.479425538604203,0.46614776418055925,11.383063750124496,0.0008338844975224191,55,11.320873796356892,-2.1249289848818407,3.619812657077299,-1.289641057705902,22.564703,130.89069,8.73151,28.502051964898758,1482.566156431686,0.0,62.220703125,1308.806640625,267.7294921875,2373.951171875,1879.73828125,1251.4228515625,1.6570805850573307,12.542696999117771,12.91710138027288,29.807818275648444,29.9189453125,187.763671875,228.1728515625,510.61328125,16.73828125,125.3583984375,144.515625,327.6142578125,2008-06-25,384.42
642,643,42.1,47.45,9.25,14.25,94425.0,-1332480.0,3577,42.4912111108642,47.278529520008526,8.917438134619466,6,2008,178,0.479425538604203,0.46856986613713103,11.38413470086306,0.0010709507385637806,56,11.320873796356892,-2.1249289848818407,3.619812657077299,-1.289641057705902,22.564703,130.89069,8.73151,28.502051964898758,1482.566156431686,0.0,49.087890625,1282.0673828125,307.6015625,2373.951171875,1879.73828125,1251.4228515625,1.7827815843978074,12.391080068833238,12.831448175336398,29.856858162024288,30.5390625,185.3134765625,227.5126953125,510.6640625,17.4677734375,121.0986328125,143.6953125,327.45703125,2008-06-26,384.42
643,644,42.9,48.1,7.85,14.9,94425.0,-1332480.0,3577,42.39964168957343,47.414144060267006,8.88574877135116,7,2008,185,0.5508090958869698,0.4854250854422403,11.398180245004923,0.0026986140668299186,63,11.320873796356892,-2.1249289848818407,3.619812657077299,-1.289641057705902,22.564703,130.89069,8.73151,28.502051964898758,1482.566156431686,0.0,22.2197265625,1069.9296875,546.607421875,2373.951171875,1879.73828125,1251.4228515625,2.1609840898219814,12.604902587533315,14.173861653231047,29.23050439978937,32.2109375,196.1767578125,215.8525390625,522.6142578125,19.6376953125,127.869140625,138.56640625,339.3876953125,2008-07-03,384.42
644,645,42.75,47.05,8.85,13.85,94425.0,-1332480.0,3577,42.306615211407646,48.15527073544929,8.248763774923532,7,2008,186,0.5508090958869698,0.48781854354312465,11.401105042376106,0.0029247973711825637,64,11.320873796356892,-2.1249289848818407,3.619812657077299,-1.289641057705902,22.564703,130.89069,8.73151,28.502051964898758,1482.566156431686,0.0,3.697265625,944.9130859375,690.146484375,2373.951171875,1879.73828125,1251.4228515625,1.959232613069557,12.6495188268007,14.335458895290321,29.315060091408014,32.19140625,197.1484375,212.86328125,524.7041015625,18.0576171875,126.3984375,140.3466796875,341.658203125,2008-07-04,384.42
645,646,40.9,48.3,9.5,13.65,94425.0,-1332480.0,3577,42.46888653141889,48.290365671473005,7.993054623393986,7,2008,194,0.5508090958869698,0.5068328870254867,11.432379619172275,0.004651907336940653,72,11.320873796356892,-2.1249289848818407,3.619812657077299,-1.289641057705902,22.564703,130.89069,8.73151,28.502051964898758,1482.566156431686,0.0,0.0,896.5830078125,742.173828125,2373.951171875,1879.73828125,1251.4228515625,2.578329645040549,13.207341095808275,14.720657594917457,31.262115567280446,31.9306640625,187.52734375,229.5322265625,505.9833984375,17.16796875,103.71875,139.65625,324.6982421875,2008-07-12,384.42
646,647,42.8,48.5,7.5,13.95,94425.0,-1332480.0,3577,42.86800645174618,47.88574335880122,7.9945452380424955,7,2008,201,0.5508090958869698,0.5232710271860929,11.470482374524018,0.006014780322585622,79,11.320873796356892,-2.1249289848818407,3.619812657077299,-1.289641057705902,22.564703,130.89069,8.73151,28.502051964898758,1482.566156431686,0.0,0.0,893.673828125,745.0830078125,2362.3935546875,1891.2958984375,1251.4228515625,1.8325271562299625,11.778386056158766,15.785670740848824,33.151324986861496,33.6806640625,198.9755859375,219.4580078125,508.0029296875,20.73828125,112.837890625,120.88671875,320.6591796875,2008-07-19,384.42
647,648,42.0,47.75,8.85,11.65,94425.0,-1332480.0,3577,42.91208188096092,47.225970469152266,8.58352638073872,7,2008,202,0.5508090958869698,0.525603762643385,11.47667894179499,0.006196567270972508,80,11.320873796356892,-2.1249289848818407,3.619812657077299,-1.289641057705902,22.564703,130.89069,8.73151,28.502051964898758,1482.566156431686,0.0,0.0,893.673828125,745.0830078125,2362.3935546875,1891.2958984375,1251.4228515625,2.011673777571751,12.12192238128707,14.978638471284095,33.49257747903256,34.890625,201.095703125,218.9970703125,505.7958984375,20.7978515625,116.7880859375,122.716796875,316.2890625,2008-07-20,384.42
648,649,45.1,47.05,6.65,13.95,94425.0,-1332480.0,3577,42.18169477580612,47.02755201454189,9.491967784536026,7,2008,209,0.5508090958869698,0.5418214675721206,11.524857848211,0.0073730541736996,87,11.320873796356892,-2.1249289848818407,3.619812657077299,-1.289641057705902,22.564703,130.89069,8.73151,28.502051964898758,1482.566156431686,8.6591796875,0.0,823.193359375,815.5634765625,2362.3935546875,1891.2958984375,1251.4228515625,2.0146510056739317,12.492677381762974,14.13359615885882,34.135757055026346,30.4208984375,189.88671875,235.986328125,511.9296875,11.98828125,120.0283203125,137.5859375,298.6591796875,2008-07-27,384.42
649,650,44.2,46.4,8.15,13.7,94425.0,-1332480.0,3577,42.843427006423696,45.84588754897668,10.041597566518668,7,2008,210,0.5508090958869698,0.5441221534109104,11.532385043086212,0.007527194875212473,88,11.320873796356892,-2.1249289848818407,3.619812657077299,-1.289641057705902,22.564703,130.89069,8.73151,28.502051964898758,1482.566156431686,8.6591796875,0.0,814.794921875,823.9619140625,2362.3935546875,1891.2958984375,1251.4228515625,1.8066975800600176,12.760235338665725,13.936683762756154,33.93932461174178,31.9814453125,186.40625,236.40625,514.0322265625,15.068359375,111.1689453125,139.9453125,295.8193359375,2008-07-28,384.42
650,651,38.25,43.45,17.05,13.75,94425.0,-1332480.0,3577,42.25712290804539,45.60940375413378,10.85756673666728,8,2008,217,0.618369803069737,0.5601116325912429,11.589099115027311,0.008508986217339753,95,11.320873796356892,-2.1249289848818407,3.619812657077299,-1.289641057705902,22.564703,130.89069,8.73151,28.502051964898758,1482.566156431686,8.6591796875,0.0,763.2197265625,875.537109375,2362.3935546875,1891.2958984375,1251.4228515625,2.212721547668528,12.075732416407037,14.566932918725742,33.15535077958048,33.7392578125,195.4326171875,218.3876953125,520.90625,16.6767578125,93.17578125,126.2373046875,296.1083984375,2008-08-04,384.42
651,652,40.75,46.15,11.6,13.95,94425.0,-1332480.0,3577,41.207277706807155,45.98059494684195,11.48210288163677,8,2008,218,0.618369803069737,0.5623791636285749,11.597734703594348,0.008635588567036834,96,11.320873796356892,-2.1249289848818407,3.619812657077299,-1.289641057705902,22.564703,130.89069,8.73151,28.502051964898758,1482.566156431686,8.6591796875,0.0,755.09765625,883.6591796875,2362.3935546875,1891.2958984375,1251.4228515625,2.479353583507284,12.188055627682038,14.75981757718916,32.7668413568442,35.2587890625,195.8408203125,216.837890625,523.765625,14.7470703125,94.89453125,119.3671875,302.978515625,2008-08-05,384.42
652,653,40.7,48.5,9.65,14.1,94425.0,-1332480.0,3577,39.18074216804281,47.05275498494609,12.44106713719531,8,2008,225,0.618369803069737,0.5781327361770225,11.661453817251006,0.009430743138834075,103,11.320873796356892,-2.1249289848818407,3.619812657077299,-1.289641057705902,22.564703,130.89069,8.73151,28.502051964898758,1482.566156431686,8.6591796875,0.0,615.04296875,1023.7138671875,2362.3935546875,1891.2958984375,1251.4228515625,2.718342132747993,13.819089611885342,14.667409211189323,32.54802046274927,31.71875,195.9931640625,231.099609375,521.6064453125,20.52734375,102.443359375,109.6416015625,299.62890625,2008-08-12,384.42
653,654,40.85,46.55,11.25,13.6,94425.0,-1332480.0,3577,38.48714737274533,47.643548247411104,12.54456905323591,8,2008,226,0.618369803069737,0.5803660231565494,11.670985650307431,0.009531833056424688,104,11.320873796356892,-2.1249289848818407,3.619812657077299,-1.289641057705902,22.564703,130.89069,8.73151,28.502051964898758,1482.566156431686,8.6591796875,0.0,599.2353515625,1039.521484375,2362.3935546875,1891.2958984375,1251.4228515625,2.676002096362983,14.20808325842168,14.989390216038704,32.6113824992377,32.94921875,192.3232421875,234.966796875,519.646484375,20.556640625,107.8935546875,110.23046875,295.62890625,2008-08-13,384.42
654,655,40.15,46.2,12.2,13.35,94425.0,-1332480.0,3577,38.38581263936728,48.3132195977325,11.935040810580823,8,2008,233,0.618369803069737,0.5958761215123557,11.740294435630053,0.010158651597647506,111,11.320873796356892,-2.1249289848818407,3.619812657077299,-1.289641057705902,22.564703,130.89069,8.73151,28.502051964898758,1482.566156431686,8.6591796875,0.0,468.638671875,1165.4404296875,2367.0712890625,1891.2958984375,1251.4228515625,2.3873645388092326,16.735761295028254,16.884085354784663,33.664088952520245,31.9287109375,195.552734375,225.2724609375,518.20703125,18.45703125,121.4814453125,128.4501953125,265.9140625,2008-08-20,384.42
655,656,30.6,54.0,14.0,10.0,94371.0,-1332489.0,3577,38.725047089128,48.33372231482964,11.565763493470744,8,2008,241,0.618369803069737,0.6133332651879557,11.824183522994854,0.010718181577891173,119,11.320873796356892,-2.1249289848818407,3.619812657077299,-1.289641057705902,22.564703,130.89069,8.73151,28.502051964898758,1482.566156431686,0.0,8.6591796875,301.580078125,1332.4990234375,2367.0712890625,1891.2958984375,1251.4228515625,2.2646751631141573,14.1232804083142,18.70483315748692,36.55078037179695,35.869140625,199.1142578125,227.9814453125,524.9794921875,23.13671875,132.962890625,137.91796875,274.24609375,2008-08-28,384.42
656,657,41.35,46.25,11.1,12.5,94425.0,-1332480.0,3577,38.947707246308234,48.02825781029398,11.617850570480414,8,2008,242,0.618369803069737,0.6154948625975961,11.834961080425812,0.01077755743095743,120,11.320873796356892,-2.1249289848818407,3.619812657077299,-1.289641057705902,22.564703,130.89069,8.73151,28.502051964898758,1482.566156431686,0.0,8.6591796875,272.2177734375,1361.861328125,2367.0712890625,1891.2958984375,1251.4228515625,2.1477687986546794,14.357937402432894,18.144037941136578,37.13422627578048,35.55859375,201.0146484375,229.271484375,526.13671875,21.6767578125,135.0126953125,138.8681640625,279.89453125,2008-08-29,384.42
657,658,40.15,45.65,12.9,12.35,94425.0,-1332480.0,3577,38.96070601224817,47.0306198445447,12.580563554091086,9,2008,249,0.6816387600233341,0.6304957812967532,11.91188757029123,0.011134104006590206,127,11.320873796356892,-2.1249289848818407,3.619812657077299,-1.289641057705902,22.564703,130.89069,8.73151,28.502051964898758,1482.566156431686,0.0,8.6591796875,151.58203125,1482.4970703125,2367.0712890625,1891.2958984375,1250.5361328125,2.573720104283514,13.554716225006683,16.505706201087573,40.28887400087835,35.4814453125,215.23046875,236.5732421875,520.44140625,21.24609375,131.1796875,156.689453125,308.5322265625,2008-09-05,384.42
658,659,44.0,45.6,8.8,13.0,94425.0,-1332435.0,3577,39.53081577864269,46.90242806728174,12.14790101539146,9,2008,250,0.6816387600233341,0.6326199676319089,11.923064629424056,0.011177059132826628,128,11.320873796356892,-2.1249289848818407,3.619812657077299,-1.289641057705902,22.564703,130.89069,8.73151,28.502051964898758,1482.566156431686,0.0,8.6591796875,132.9599609375,1501.119140625,2367.0712890625,1891.2958984375,1250.5361328125,2.3739817124201035,13.93113669808902,16.390174359287805,40.370226677054376,35.7412109375,215.0625,238.443359375,521.162109375,20.576171875,131.068359375,156.4296875,314.001953125,2008-09-06,384.42
659,660,37.5,48.5,12.6,11.8,94425.0,-1332480.0,3577,40.584819978776764,47.10972201172736,10.967457619777964,9,2008,265,0.6816387600233341,0.6639040987988447,12.09464333477965,0.011606443331222849,143,11.320873796356892,-2.1249289848818407,3.619812657077299,-1.289641057705902,22.564703,130.89069,8.73151,28.502051964898758,1482.566156431686,0.0546875,8.6591796875,75.4755859375,1558.6025390625,2367.072265625,1890.787109375,1251.044921875,2.4800433049860984,15.10252560278456,18.98972267664557,37.45101422435467,37.2412109375,226.255859375,260.70703125,559.4873046875,22.005859375,131.85546875,138.501953125,350.4677734375,2008-09-21,384.42
660,661,39.3,45.4,14.05,11.55,94425.0,-1332480.0,3577,41.43749702309455,46.19766935849837,11.098719392061387,9,2008,274,0.6816387600233341,0.6821397568546641,12.199563628655763,0.0116777944877402,152,11.320873796356892,-2.1249289848818407,3.619812657077299,-1.289641057705902,22.564703,130.89069,8.73151,28.502051964898758,1482.566156431686,0.0546875,8.6591796875,29.3017578125,1604.63671875,2367.2080078125,1890.791015625,1251.044921875,2.779974045922061,16.13352985562346,18.043245235247706,39.57314146240311,38.4609375,219.0859375,263.66796875,584.234375,21.15625,132.7958984375,154.28125,331.5380859375,2008-09-30,384.42
661,662,42.45,47.75,8.6,12.55,94425.0,-1332480.0,3577,41.70504016107108,46.218681937250885,10.87149321266806,10,2008,290,0.7401768531960371,0.7135277699284436,12.384873096595504,0.01140846487611391,168,11.320873796356892,-2.1249289848818407,3.619812657077299,-1.289641057705902,22.564703,130.89069,8.73151,28.502051964898758,1482.566156431686,7.1103515625,8.66015625,0.0,1628.07421875,2373.068359375,1890.501953125,1251.3330078125,1.8151452618402997,16.13783451594052,19.244037520463575,42.43389882561326,37.423828125,231.5244140625,268.7373046875,597.3798828125,23.0478515625,143.9482421875,172.2060546875,350.857421875,2008-10-16,384.42
662,663,42.5,46.2,10.25,13.2,94425.0,-1332480.0,3577,41.84810019701035,46.55713265062415,10.472455563011275,10,2008,297,0.7401768531960371,0.7268324141695728,12.463530433230412,0.011087126162824035,175,11.320873796356892,-2.1249289848818407,3.619812657077299,-1.289641057705902,22.564703,130.89069,8.73151,28.502051964898758,1482.566156431686,18.072265625,0.0546875,8.6591796875,1627.8525390625,2373.28515625,1889.27734375,1252.556640625,3.3101818171379236,15.185434499994308,17.95297977778082,43.63469111082913,38.6240234375,222.4736328125,268.9482421875,602.44921875,25.517578125,145.798828125,166.99609375,368.7822265625,2008-10-23,384.42
663,664,43.6,46.85,8.5,12.7,94425.0,-1332480.0,3577,43.05964407109274,46.11206347831046,9.702263525946286,10,2008,298,0.7401768531960371,0.7287113685069326,12.474559243593545,0.011028810363132635,176,11.320873796356892,-2.1249289848818407,3.619812657077299,-1.289641057705902,22.564703,130.89069,8.73151,28.502051964898758,1482.566156431686,18.072265625,0.0546875,8.6591796875,1627.84375,2373.2939453125,1888.95703125,1252.876953125,2.803725626459589,16.057015304781952,18.09672318911298,43.77630377133947,37.43359375,223.8037109375,268.9384765625,603.2021484375,22.587890625,146.748046875,168.4560546875,369.294921875,2008-10-24,384.42
664,665,46.35,42.45,10.0,11.85,94425.0,-1332480.0,3577,45.19007988914434,45.048087206904,8.616889302646529,11,2008,306,0.793577803248942,0.7435449152138038,12.5602693343749,0.01043411918921855,184,11.320873796356892,-2.1249289848818407,3.619812657077299,-1.289641057705902,22.564703,130.89069,8.73151,28.502051964898758,1482.566156431686,18.072265625,0.0546875,8.6591796875,1626.4658203125,2374.671875,1873.896484375,1267.9326171875,2.587089381883942,15.664454099085894,20.084885014013214,41.52294302654184,38.75390625,224.333984375,263.6474609375,610.9736328125,23.408203125,141.787109375,168.2255859375,387.71875,2008-11-01,384.42
665,666,45.2,41.9,11.7,12.15,94425.0,-1332480.0,3577,46.800285782322135,42.992333672513006,8.993652168263827,11,2008,313,0.793577803248942,0.7562315107864898,12.630502750385185,0.009702266667121151,191,11.320873796356892,-2.1249289848818407,3.619812657077299,-1.289641057705902,22.564703,130.89069,8.73151,28.502051964898758,1482.566156431686,19.609375,0.1005859375,8.6591796875,1615.115234375,2302.61328125,1945.9462890625,1279.2919921875,2.7132488969116775,15.817453243196471,18.251543480969836,42.36379052009148,39.181640625,230.861328125,263.087890625,605.8837890625,25.3759765625,149.7548828125,165.1953125,383.73828125,2008-11-08,384.42
666,667,49.9,44.9,3.85,15.3,94425.0,-1332480.0,3577,51.219757951019645,40.48765831690923,6.988918357183565,11,2008,314,0.793577803248942,0.7580212844421134,12.640082565032186,0.009579814647000973,192,11.320873796356892,-2.1249289848818407,3.619812657077299,-1.289641057705902,22.564703,130.89069,8.73151,28.502051964898758,1482.566156431686,12.90625,6.8037109375,8.6591796875,1615.115234375,2301.6982421875,1946.861328125,1278.1435546875,2.8431302221708106,16.051782305195403,17.8142527559488,42.985143479007135,39.681640625,232.8505859375,262.166015625,606.6943359375,26.345703125,150.46484375,165.4833984375,385.0078125,2008-11-09,384.42
667,668,52.9,36.45,9.35,12.4,94425.0,-1332480.0,3577,53.148232263085,37.06353136027505,8.502079499446651,11,2008,322,0.793577803248942,0.7721335221626509,12.711736228050961,0.008426088029043655,200,11.320873796356892,-2.1249289848818407,3.619812657077299,-1.289641057705902,22.564703,130.89069,8.73151,28.502051964898758,1482.566156431686,7.4169921875,18.01171875,8.6591796875,1613.798828125,2271.98046875,1879.228515625,1376.791015625,2.271122993831112,13.193421027593276,18.332452260594515,43.44377836576078,37.5517578125,222.201171875,271.8125,601.8994140625,25.8564453125,150.5458984375,174.5107421875,383.4326171875,2008-11-17,384.42
668,669,53.95,35.0,9.65,14.55,94425.0,-1332480.0,3577,54.924539392487844,33.798835220502,10.023470956286797,11,2008,329,0.793577803248942,0.7841776948996244,12.765765523987948,0.007152057312941551,207,11.320873796356892,-2.1249289848818407,3.619812657077299,-1.289641057705902,22.564703,130.89069,8.73151,28.502051964898758,1482.566156431686,18.982421875,18.126953125,8.6591796875,1547.3349609375,2338.166015625,1824.6328125,1351.3896484375,1.989759459638793,11.787920709376845,15.464544021424388,41.691345612342076,38.4521484375,221.931640625,259.7529296875,610.064453125,27.4658203125,154.796875,176.40234375,389.7177734375,2008-11-24,384.42
669,670,62.6,26.0,10.4,17.0,94425.0,-1332435.0,3577,56.22035585672516,30.294274249997276,12.288892016134762,12,2008,337,0.8414709848078965,0.7975890542112029,12.81528783778757,0.005397650064200121,215,11.320873796356892,-2.1249289848818407,3.619812657077299,-1.289641057705902,22.564703,130.89069,8.73151,28.502051964898758,1482.566156431686,65.693359375,18.126953125,8.6591796875,1535.615234375,2349.8857421875,1792.38671875,1332.4619140625,1.9213783772997703,10.94894565676249,12.707282378626521,38.90443363376262,36.939453125,221.3515625,258.263671875,607.7294921875,26.787109375,156.8564453125,179.5927734375,402.4248046875,2008-12-02,384.42
670,671,57.05,27.5,14.1,12.9,94425.0,-1332480.0,3577,59.42395375521423,26.722465305588244,12.603274589186018,12,2008,338,0.8414709848078965,0.7992386648112959,12.820445380864983,0.005157543077412896,216,11.320873796356892,-2.1249289848818407,3.619812657077299,-1.289641057705902,22.564703,130.89069,8.73151,28.502051964898758,1482.566156431686,65.693359375,18.126953125,8.6591796875,1535.615234375,2349.8857421875,1788.2294921875,1336.619140625,1.6915975873345448,11.04576523713439,12.978024186856828,37.82982058659521,36.478515625,221.119140625,260.2138671875,604.9794921875,26.2373046875,156.787109375,181.9130859375,401.615234375,2008-12-03,384.42
671,672,63.7,26.25,8.85,15.3,94425.0,-1332480.0,3577,59.96787402483101,24.487640275097917,14.266097267023927,12,2008,345,0.8414709848078965,0.8106172748024666,12.84948698348447,0.0033663316910388374,223,11.320873796356892,-2.1249289848818407,3.619812657077299,-1.289641057705902,22.564703,130.89069,8.73151,28.502051964898758,1482.566156431686,97.8173828125,19.708984375,8.66015625,1495.6796875,2320.2236328125,1813.1591796875,1369.8330078125,1.473190208280917,11.14788230983465,12.737362824468935,32.475392512857525,35.189453125,217.5947265625,257.59765625,593.380859375,25.357421875,157.2724609375,183.0244140625,409.017578125,2008-12-10,384.42
672,673,45.0,23.5,30.5,9.5,94485.0,-1332480.0,3577,61.11778489827112,23.4957984224203,14.059243181996496,12,2008,362,0.8414709848078965,0.8370017713584581,12.863877984641288,-0.0014388627441714874,240,11.320873796356892,-2.1249289848818407,3.619812657077299,-1.289641057705902,22.564703,130.89069,8.73151,28.502051964898758,1482.566156431686,209.029296875,71.583984375,8.7138671875,1371.02734375,2374.74609375,1796.740234375,1344.3603515625,1.5399835186699269,6.109340830218878,7.132212711212211,28.766300733745744,35.029296875,194.904296875,224.4423828125,582.38671875,25.0771484375,149.12109375,172.7080078125,417.158203125,2008-12-27,384.42
673,674,73.8,22.45,2.05,18.15,94425.0,-1332480.0,3577,62.27082530471692,23.6828029040068,12.702086716171507,1,2009,11,0.08323691620031025,0.03013242458278834,12.813264162953445,-0.005273397161762006,255,11.320873796356892,-2.1249289848818407,3.619812657077299,-1.289641057705902,22.564703,130.89069,8.73151,28.502051964898758,1482.566156431686,278.828125,116.08203125,15.7705078125,930.0478515625,2696.5146484375,1731.138671875,1272.8857421875,0.9649431438159106,5.1527338746862315,6.67071402283438,17.98159998072523,32.5380859375,193.7373046875,226.80859375,525.6142578125,24.3642578125,147.1826171875,172.6796875,398.1298828125,2009-01-11,386.05
674,675,67.25,22.35,8.95,14.5,94425.0,-1332480.0,3577,63.56517508977859,23.44698653599233,11.686505204460117,1,2009,12,0.08323691620031025,0.03287079002849224,12.807748753169902,-0.005515409783543035,256,11.320873796356892,-2.1249289848818407,3.619812657077299,-1.289641057705902,22.564703,130.89069,8.73151,28.502051964898758,1482.566156431686,289.435546875,116.8681640625,15.7705078125,930.0478515625,2688.7509765625,1730.634765625,1279.841796875,1.251235403569929,5.253383967856118,6.290806968589923,17.72608567347777,34.337890625,194.5078125,223.9375,524.84375,23.6240234375,146.4228515625,174.2568359375,396.169921875,2009-01-12,386.05
675,676,66.3333333333333,23.6666666666667,8.66666666666667,13.3333333333333,94475.0,-1332445.0,3577,65.8109665360341,23.1328166157853,9.819909502260977,1,2009,19,0.08323691620031025,0.052031288878488506,12.762743321427202,-0.007081789822642293,263,11.320873796356892,-2.1249289848818407,3.619812657077299,-1.289641057705902,22.564703,130.89069,8.73151,28.502051964898758,1482.566156431686,217.4287109375,187.4716796875,18.126953125,902.3330078125,2634.6875,1703.3740234375,1368.650390625,1.5134474811752208,8.120326587042154,6.504619371426047,16.884679930855484,34.6484375,206.6376953125,228.845703125,524.3388671875,25.984375,146.744140625,170.046875,397.71875,2009-01-19,386.05
676,677,58.75,25.75,14.75,13.5,94436.25,-1332491.25,3577,69.56174918991218,21.80037346554048,7.535929911160984,1,2009,27,0.08323691620031025,0.0739051588474336,12.699156584910849,-0.008574643107149171,271,11.320873796356892,-2.1249289848818407,3.619812657077299,-1.289641057705902,22.564703,130.89069,8.73151,28.502051964898758,1482.566156431686,160.46875,262.541015625,18.126953125,836.4052734375,2645.3955078125,1592.0654296875,1509.3408203125,1.1914474089626732,8.031198716147458,9.425149474603854,15.470852439837232,33.318359375,204.16796875,239.2666015625,523.26953125,24.6240234375,155.703125,173.478515625,392.9541015625,2009-01-27,386.05
677,678,79.6666666666667,18.3333333333333,0.833333333333333,21.3333333333333,94410.0,-1332495.0,3577,72.44606880906107,20.87486871573246,5.618263848293969,2,2009,51,0.16589613269341502,0.1392718173567516,12.455349786800372,-0.01120830383865723,295,11.320873796356892,-2.1249289848818407,3.619812657077299,-1.289641057705902,22.564703,130.89069,8.73151,28.502051964898758,1482.566156431686,244.3173828125,393.6162109375,29.5146484375,481.1220703125,2609.8154296875,1765.546875,1388.9052734375,1.3477968614334657,6.422387274900891,5.782343685019049,18.39880015625576,34.5341796875,198.11328125,219.5068359375,528.7470703125,23.517578125,146.888671875,175.6455078125,404.7119140625,2009-02-20,386.05
678,679,70.05,20.6,8.5,18.1,94425.0,-1332480.0,3577,75.17009894129512,20.038010132279567,3.7864570929580745,3,2009,60,0.24740395925452294,0.16364423371189768,12.352217005594563,-0.011623176793865042,304,11.320873796356892,-2.1249289848818407,3.619812657077299,-1.289641057705902,22.564703,130.89069,8.73151,28.502051964898758,1482.566156431686,362.166015625,370.263671875,83.8203125,310.2392578125,2241.3779296875,2181.939453125,1439.2822265625,0.9292583279107032,5.785806571512721,8.521770924584551,14.950427976207171,32.25390625,196.2734375,237.1669921875,510.7001953125,24.34765625,147.9072265625,169.74609375,399.55859375,2009-03-01,386.05
679,680,79.5333333333333,18.7333333333333,0.6,19.5333333333333,94425.0,-1332465.0,3577,74.90407492403276,19.900571925491533,4.1687587953835585,3,2009,67,0.24740395925452294,0.1825325313196922,12.270116690435845,-0.011790259167208106,311,11.320873796356892,-2.1249289848818407,3.619812657077299,-1.289641057705902,22.564703,130.89069,8.73151,28.502051964898758,1482.566156431686,354.0771484375,414.017578125,104.466796875,165.55859375,1918.755859375,2613.3056640625,1451.560546875,1.860900612850255,8.748815295399245,6.715064899423424,16.15627106128193,34.9541015625,207.6630859375,228.52734375,521.4921875,26.28515625,150.4296875,172.2548828125,394.7275390625,2009-03-08,386.05
680,681,80.4444444444444,18.2222222222222,0.111111111111111,19.6666666666667,94418.3333333333,-1332511.66666667,3577,78.57106935031456,19.45245861809037,0.8023769488164582,3,2009,76,0.24740395925452294,0.20671787133031128,12.163621985815503,-0.011841668462809096,320,11.320873796356892,-2.1249289848818407,3.619812657077299,-1.289641057705902,22.564703,130.89069,8.73151,28.502051964898758,1482.566156431686,410.587890625,386.61328125,186.4150390625,118.2109375,1801.275390625,2578.251953125,1547.380859375,1.0250703338690765,8.328892048632284,11.907267583018072,17.515753902768996,32.6640625,206.544921875,246.017578125,533.3017578125,23.4052734375,145.1689453125,176.0849609375,392.140625,2009-03-17,386.05
681,682,77.4,21.15,0.2,19.3,94425.0,-1332480.0,3577,78.46386080378716,20.10405363470077,0.16229585687787554,3,2009,83,0.24740395925452294,0.2254425540018297,12.080959303367457,-0.011771359198139209,327,11.320873796356892,-2.1249289848818407,3.619812657077299,-1.289641057705902,22.564703,130.89069,8.73151,28.502051964898758,1482.566156431686,330.20703125,415.2890625,255.9970703125,86.0107421875,1731.546875,2642.6826171875,1478.853515625,2.00037358426248,13.041058656877116,9.35396238250136,20.90125056120252,37.0537109375,219.0244140625,239.208984375,542.15234375,25.5654296875,141.6796875,168.57421875,398.4794921875,2009-03-24,386.05
682,683,74.25,23.15,1.2,18.7,94425.0,-1332480.0,3577,76.850381043094,21.85824402635221,0.0,3,2009,84,0.24740395925452294,0.22811090035396392,12.069205372335526,-0.01175393103193123,328,11.320873796356892,-2.1249289848818407,3.619812657077299,-1.289641057705902,22.564703,130.89069,8.73151,28.502051964898758,1482.566156431686,325.353515625,405.1259765625,271.013671875,84.189453125,1678.0966796875,2679.494140625,1497.3134765625,1.98986688787921,13.538084983243191,9.022127443515334,21.378131226536553,35.654296875,220.6337890625,238.4697265625,544.2021484375,25.375,143.8203125,167.2236328125,397.287109375,2009-03-25,386.05
683,684,72.55,25.75,0.45,18.9,94425.0,-1332480.0,3577,73.58828340560987,24.553939490158733,0.5365485048146775,4,2009,91,0.3271946967961522,0.24674026262895252,11.987568755893147,-0.011580915232336508,335,11.320873796356892,-2.1249289848818407,3.619812657077299,-1.289641057705902,22.564703,130.89069,8.73151,28.502051964898758,1482.566156431686,163.962890625,505.775390625,331.7548828125,38.015625,1660.4951171875,2660.0888671875,1568.99609375,2.600395607635493,13.238952787655023,15.5279518711224,23.882423151078683,36.8037109375,214.8935546875,256.2880859375,554.6845703125,25.1552734375,144.98046875,169.1953125,394.048828125,2009-04-01,386.05
684,685,72.1,25.95,0.55,18.75,94425.0,-1332480.0,3577,71.19323792821181,27.52447083359985,0.0,4,2009,92,0.3271946967961522,0.24939435149663894,11.976019918164509,-0.011548837728637906,336,11.320873796356892,-2.1249289848818407,3.619812657077299,-1.289641057705902,22.564703,130.89069,8.73151,28.502051964898758,1482.566156431686,151.5341796875,518.08984375,331.869140625,38.015625,1660.2578125,2619.708984375,1609.61328125,2.393743073907873,13.643727913106797,15.419349769031928,25.068799807690027,36.912109375,215.5634765625,255.9580078125,557.134765625,23.611328125,145.23046875,168.5859375,393.5986328125,2009-04-02,386.05
685,686,71.3,27.25,0.2,19.55,94425.0,-1332480.0,3577,65.99071171345727,31.336021563571066,1.3820177242775786,4,2009,100,0.3271946967961522,0.27055800080379266,11.885013838265222,-0.011222760737432225,344,11.320873796356892,-2.1249289848818407,3.619812657077299,-1.289641057705902,22.564703,130.89069,8.73151,28.502051964898758,1482.566156431686,147.91015625,484.0166015625,386.78515625,15.7705078125,1667.509765625,2554.8173828125,1695.9052734375,1.7708312445229872,13.35617535650133,16.10387783608869,28.999720030157498,35.58203125,220.23046875,253.103515625,566.9658203125,23.810546875,139.806640625,166.34765625,386.19921875,2009-04-10,386.05
686,687,60.3,37.7,0.7,16.3,94425.0,-1332480.0,3577,64.2079767669455,34.0698714941698,0.40491723618652503,5,2009,123,0.40471456356112473,0.33064440357052394,11.645403546056677,-0.009461121114513915,367,11.320873796356892,-2.1249289848818407,3.619812657077299,-1.289641057705902,22.564703,130.89069,8.73151,28.502051964898758,1482.566156431686,49.1396484375,491.0322265625,492.388671875,26.7861328125,1663.951171875,2348.80859375,1879.861328125,2.306355145402301,13.68246148232803,15.025772413368326,33.167743377293334,35.958984375,210.3388671875,249.3046875,581.8798828125,25.1259765625,138.7705078125,168.3759765625,391.9765625,2009-05-03,386.05
687,688,60.0,37.8,0.9,17.15,94425.0,-1332480.0,3577,60.92121139953046,37.269744239243316,0.4789838128846701,5,2009,124,0.40471456356112473,0.33322879067865074,11.636052589034644,-0.009350957022032702,368,11.320873796356892,-2.1249289848818407,3.619812657077299,-1.289641057705902,22.564703,130.89069,8.73151,28.502051964898758,1482.566156431686,49.1728515625,483.91796875,499.5029296875,26.7861328125,1663.951171875,2348.80859375,1879.861328125,2.047689061443463,13.759996079453241,15.284241292592402,32.79193470717193,34.029296875,210.1962890625,250.3837890625,580.0908203125,24.90625,140.9951171875,164.9267578125,395.8759765625,2009-05-04,386.05
688,689,55.4,41.5,1.8,16.35,94425.0,-1332480.0,3577,57.01540085300843,40.274646560863445,1.3591634371818102,5,2009,132,0.40471456356112473,0.35381221715747047,11.565602317065773,-0.008351443977447914,376,11.320873796356892,-2.1249289848818407,3.619812657077299,-1.289641057705902,22.564703,130.89069,8.73151,28.502051964898758,1482.566156431686,23.203125,478.330078125,523.83203125,34.0771484375,1663.9482421875,2348.8115234375,1879.6865234375,2.03399555617725,11.811668905777605,15.680992929919054,33.526826830742955,34.2685546875,197.744140625,242.703125,576.681640625,23.345703125,147.35546875,166.4560546875,392.416015625,2009-05-12,386.05
689,690,53.8,42.3,2.45,16.85,94425.0,-1332480.0,3577,53.439803849393385,42.65028036977864,2.5429593626184257,5,2009,140,0.40471456356112473,0.37422568247722243,11.504131694781298,-0.007131885520392345,384,11.320873796356892,-2.1249289848818407,3.619812657077299,-1.289641057705902,22.564703,130.89069,8.73151,28.502051964898758,1482.566156431686,9.7734375,383.69140625,637.4775390625,38.173828125,1650.5009765625,2362.2587890625,1879.6865234375,1.9140089183354947,13.20239678133862,14.322778925926913,35.10281578528566,34.12890625,204.8837890625,231.1826171875,562.6279296875,24.986328125,136.396484375,168.4912109375,380.16015625,2009-05-20,386.05
690,691,55.0,41.5,2.0,17.0,94470.0,-1332435.0,3577,50.376875446527364,44.56459221891993,3.6845861568766285,5,2009,147,0.40471456356112473,0.39194033242451504,11.45911030079075,-0.005882681212099783,391,11.320873796356892,-2.1249289848818407,3.619812657077299,-1.289641057705902,22.564703,130.89069,8.73151,28.502051964898758,1482.566156431686,10.7548828125,304.125,674.7275390625,80.490234375,1647.740234375,2364.9677734375,1879.73828125,1.7676838196279399,11.914726482571579,15.116405699674115,34.14135341862017,32.978515625,197.8720703125,239.0126953125,543.4267578125,19.146484375,110.5263671875,161.3828125,383.724609375,2009-05-27,386.05
691,692,51.25,45.35,2.1,15.75,94425.0,-1332480.0,3577,47.702437809861024,45.24276559353283,5.63784883846719,5,2009,148,0.40471456356112473,0.39445938059939806,11.453419404329924,-0.005690896460825101,392,11.320873796356892,-2.1249289848818407,3.619812657077299,-1.289641057705902,22.564703,130.89069,8.73151,28.502051964898758,1482.566156431686,10.7548828125,275.4755859375,703.296875,80.5703125,1647.740234375,2364.9677734375,1879.73828125,1.9345847152367948,11.58024849683846,14.709067622758255,34.51463189164936,33.44921875,196.501953125,240.0625,540.763671875,21.5556640625,107.6572265625,162.72265625,381.279296875,2009-05-28,386.05
692,693,37.75,49.9,11.05,13.85,94425.0,-1332480.0,3577,47.71715126977572,45.99484184545417,4.8975113122164595,6,2009,155,0.479425538604203,0.41200875800437725,11.41921133467746,-0.004263414454134917,399,11.320873796356892,-2.1249289848818407,3.619812657077299,-1.289641057705902,22.564703,130.89069,8.73151,28.502051964898758,1482.566156431686,10.712890625,178.1640625,768.0947265625,113.1259765625,1647.5869140625,2365.12109375,1879.73828125,2.001985427640526,11.769197075669416,13.514833212075255,33.542706584488556,33.8994140625,205.482421875,229.951171875,538.123046875,20.248046875,133.76953125,129.212890625,377.5458984375,2009-06-04,386.05
693,694,49.0,45.3,4.3,15.6,94425.0,-1332480.0,3577,47.684187793623394,48.01197579509556,2.9498798415202656,6,2009,156,0.479425538604203,0.4145035918404523,11.415162980532246,-0.004048354145213651,400,11.320873796356892,-2.1249289848818407,3.619812657077299,-1.289641057705902,22.564703,130.89069,8.73151,28.502051964898758,1482.566156431686,10.712890625,178.1640625,768.0947265625,113.1259765625,1647.5869140625,2365.12109375,1879.73828125,2.083201544876791,12.116156777940457,13.275542382586151,33.43566298582068,33.369140625,206.3232421875,230.451171875,537.1025390625,20.73828125,132.6513671875,131.5830078125,370.8857421875,2009-06-05,386.05
694,695,47.3,48.35,3.0,15.65,94425.0,-1332480.0,3577,47.503176080877964,48.57848080711132,2.6023577042149,6,2009,164,0.479425538604203,0.43434868754085926,11.39079146541187,-0.0022485787336279373,408,11.320873796356892,-2.1249289848818407,3.619812657077299,-1.289641057705902,22.564703,130.89069,8.73151,28.502051964898758,1482.566156431686,10.6552734375,105.5771484375,804.51953125,149.345703125,1647.5869140625,2365.12109375,1879.73828125,1.597615421406248,12.460298831780829,14.571407512879418,31.679748986709647,31.3486328125,199.0234375,239.6123046875,537.271484375,17.1982421875,115.9072265625,148.662109375,335.6875,2009-06-13,386.05
695,696,46.7,48.4,3.5,15.6,94425.0,-1332480.0,3577,46.49184979106885,48.65816969407574,3.5656660676779204,6,2009,171,0.479425538604203,0.45154231266253464,11.381633931386737,-0.0005967060320735129,415,11.320873796356892,-2.1249289848818407,3.619812657077299,-1.289641057705902,22.564703,130.89069,8.73151,28.502051964898758,1482.566156431686,0.0029296875,59.890625,776.74609375,233.4609375,1638.76171875,2373.9462890625,1879.73828125,2.0942550339395725,12.253071249031041,14.057914253187077,31.542088876830807,29.96875,195.814453125,230.3720703125,536.8212890625,14.8076171875,115.0390625,133.10546875,321.626953125,2009-06-20,386.05
696,697,49.0,47.4,2.4,15.7,94425.0,-1332480.0,3577,44.30364047716326,47.34805906167428,7.075818917923126,6,2009,179,0.479425538604203,0.47098845096423725,11.385441893126439,0.0013071922633791644,423,11.320873796356892,-2.1249289848818407,3.619812657077299,-1.289641057705902,22.564703,130.89069,8.73151,28.502051964898758,1482.566156431686,0.0029296875,59.890625,693.0869140625,317.1201171875,1638.7568359375,2373.951171875,1879.73828125,2.0880959924398317,11.445328597171896,14.303602834493777,32.20925004103588,34.62890625,200.2744140625,224.36328125,537.15234375,22.2080078125,123.3173828125,123.1962890625,323.7216796875,2009-06-28,386.05
697,698,47.5,49.05,2.35,15.55,94425.0,-1332480.0,3577,41.978523024956374,45.49100002164338,11.263481564873072,6,2009,180,0.479425538604203,0.4734035005077529,11.38698434313378,0.0015424500073404346,424,11.320873796356892,-2.1249289848818407,3.619812657077299,-1.289641057705902,22.564703,130.89069,8.73151,28.502051964898758,1482.566156431686,0.0029296875,59.890625,674.6923828125,335.5146484375,1638.7568359375,2373.951171875,1879.73828125,2.0399981641086553,11.946448623988086,14.035914753619984,32.26309166102666,34.4287109375,203.2138671875,222.693359375,536.3125,23.328125,127.95703125,122.216796875,319.8837890625,2009-06-29,386.05
698,699,30.0,44.25,24.4,16.85,94425.0,-1332480.0,3577,38.294926281143475,44.383303383915944,16.089046093223253,7,2009,187,0.5508090958869698,0.4902083400321613,11.404254017494043,0.00314897511793788,431,11.320873796356892,-2.1249289848818407,3.619812657077299,-1.289641057705902,22.564703,130.89069,8.73151,28.502051964898758,1482.566156431686,0.00390625,59.890625,624.486328125,385.720703125,1638.7568359375,2373.951171875,1879.73828125,2.114255081848589,11.846785343183095,13.986446788096742,31.727598901767227,32.140625,205.3818359375,237.642578125,519.3935546875,16.7783203125,116.7578125,151.28515625,293.4384765625,2009-07-06,386.05
699,700,30.3,40.0,28.4,15.85,94425.0,-1332480.0,3577,33.24356123751912,44.03954945982152,21.46823053107562,7,2009,188,0.5508090958869698,0.49259445697131315,11.40762503591399,0.003371018419946026,432,11.320873796356892,-2.1249289848818407,3.619812657077299,-1.289641057705902,22.564703,130.89069,8.73151,28.502051964898758,1482.566156431686,0.00390625,59.890625,622.8134765625,387.3935546875,1638.7568359375,2373.951171875,1879.73828125,1.96862788945487,12.186732991548281,14.414853155240642,30.781973722286494,32.560546875,203.3134765625,240.892578125,514.783203125,17.5078125,112.7578125,151.10546875,294.8486328125,2009-07-07,386.05
700,701,32.9,43.5,22.35,13.85,94425.0,-1332480.0,3577,31.19881320948966,43.496061472061164,24.031205120984808,7,2009,195,0.5508090958869698,0.5091927471873186,11.437235474219946,0.004855855047670943,439,11.320873796356892,-2.1249289848818407,3.619812657077299,-1.289641057705902,22.564703,130.89069,8.73151,28.502051964898758,1482.566156431686,0.0048828125,27.3720703125,617.853515625,424.8720703125,1638.7568359375,2362.3935546875,1891.2958984375,2.0265662747757087,12.073375590691958,14.155360881003151,31.651333021697564,32.880859375,190.505859375,235.8740234375,527.904296875,19.927734375,102.1279296875,130.265625,312.828125,2009-07-14,386.05
701,702,30.45,43.75,24.5,13.55,94425.0,-1332480.0,3577,29.419396393076205,44.159104981699,25.090988114049374,7,2009,196,0.5508090958869698,0.5115487853005207,11.442292311043873,0.005056836823927213,440,11.320873796356892,-2.1249289848818407,3.619812657077299,-1.289641057705902,22.564703,130.89069,8.73151,28.502051964898758,1482.566156431686,0.033203125,27.3720703125,617.853515625,424.8720703125,1638.7568359375,2362.3935546875,1891.2958984375,1.9677264619520525,11.941192389783055,14.694088789269237,31.416690542618653,32.890625,191.515625,233.4560546875,528.833984375,16.2275390625,105.02734375,126.916015625,314.658203125,2009-07-15,386.05
702,703,33.25,47.65,17.75,14.1,94425.0,-1332480.0,3577,29.62823832513792,45.491056312102145,23.50897616315222,7,2009,203,0.5508090958869698,0.527932552869423,11.483053921030093,0.0063749792351028844,447,11.320873796356892,-2.1249289848818407,3.619812657077299,-1.289641057705902,22.564703,130.89069,8.73151,28.502051964898758,1482.566156431686,0.0302734375,10.7578125,625.5546875,433.7880859375,1638.7568359375,2362.3935546875,1891.2958984375,1.941131326606673,11.6338400289356,13.908918851735107,32.074864578267906,34.55078125,189.765625,224.40625,539.5966796875,18.818359375,105.6875,121.2548828125,319.357421875,2009-07-22,386.05
703,704,28.7,47.75,22.2,16.85,94425.0,-1332480.0,3577,31.677329739399312,46.87099922780337,20.08437037678224,7,2009,204,0.5508090958869698,0.530257380384088,11.489603903000686,0.0065499819705934215,448,11.320873796356892,-2.1249289848818407,3.619812657077299,-1.289641057705902,22.564703,130.89069,8.73151,28.502051964898758,1482.566156431686,0.0302734375,10.7578125,619.314453125,431.369140625,1647.416015625,2362.3935546875,1891.2958984375,2.3218006647113203,11.705935127782686,13.8064339794487,32.7004846119744,34.640625,193.005859375,225.025390625,539.3291015625,20.73828125,107.0576171875,121.8447265625,315.2578125,2009-07-23,386.05
704,705,31.35,47.15,20.05,13.2,94425.0,-1332480.0,3577,33.12686029140643,47.80368919005976,17.73034596981701,7,2009,212,0.5508090958869698,0.5487112551538731,11.547887877596327,0.007824995093328013,456,11.320873796356892,-2.1249289848818407,3.619812657077299,-1.289641057705902,22.564703,130.89069,8.73151,28.502051964898758,1482.566156431686,0.029296875,10.7548828125,554.712890625,495.974609375,1647.416015625,2362.3935546875,1891.2958984375,2.0994165968792537,14.520203658766656,14.23193915933332,32.547125943719294,31.5107421875,202.28515625,234.1669921875,518.18359375,17.0576171875,109.59765625,130.0458984375,281.6767578125,2009-07-31,386.05
705,706,34.7,46.85,17.15,13.45,94425.0,-1332480.0,3577,32.948107774573444,47.92108185930999,17.775023273937034,8,2009,219,0.618369803069737,0.5646424733950354,11.60649356530392,0.00875886170957152,463,11.320873796356892,-2.1249289848818407,3.619812657077299,-1.289641057705902,22.564703,130.89069,8.73151,28.502051964898758,1482.566156431686,0.029296875,10.6796875,520.9599609375,529.802734375,1647.416015625,2362.3935546875,1891.2958984375,2.4912094428700198,12.775847084618956,16.61962025564591,32.08497631378337,33.6591796875,194.8369140625,233.7958984375,518.89453125,16.537109375,109.0322265625,126.6552734375,284.806640625,2009-08-07,386.05
706,707,33.4666666666667,48.0666666666667,17.0666666666667,13.2666666666667,94425.0,-1332465.0,3577,33.77501858306308,47.07178945924373,17.833116831566187,8,2009,220,0.618369803069737,0.5669015449020084,11.615372406539022,0.008878841235102186,464,11.320873796356892,-2.1249289848818407,3.619812657077299,-1.289641057705902,22.564703,130.89069,8.73151,28.502051964898758,1482.566156431686,0.029296875,10.6796875,520.9599609375,529.802734375,1647.416015625,2362.3935546875,1891.2958984375,2.2323626170389295,13.276804026237976,16.411899162788526,32.311428807845765,34.0390625,196.96484375,230.8564453125,522.673828125,15.1669921875,107.931640625,124.384765625,287.8564453125,2009-08-08,386.05
707,708,37.15,47.1,14.6,13.3,94425.0,-1332480.0,3577,34.8648487735123,46.974628158212475,16.8714997077201,8,2009,227,0.618369803069737,0.5825949538541461,11.680615586533591,0.00962993622616004,471,11.320873796356892,-2.1249289848818407,3.619812657077299,-1.289641057705902,22.564703,130.89069,8.73151,28.502051964898758,1482.566156431686,0.0,10.6865234375,475.927734375,574.857421875,1647.416015625,2362.3935546875,1891.2958984375,2.0304984597649613,13.235979748949061,15.509166643276906,34.916893991185596,34.4990234375,206.263671875,231.00390625,528.5048828125,20.6572265625,99.9208984375,123.0986328125,290.396484375,2009-08-15,386.05
708,709,34.25,45.25,19.2,12.75,94425.0,-1332480.0,3577,35.50019809910921,46.37574731769086,16.849120848189543,8,2009,228,0.618369803069737,0.5848195115392493,11.690340688683813,0.009725102150222042,472,11.320873796356892,-2.1249289848818407,3.619812657077299,-1.289641057705902,22.564703,130.89069,8.73151,28.502051964898758,1482.566156431686,0.0,10.6865234375,473.0673828125,577.7177734375,1647.416015625,2362.3935546875,1891.2958984375,2.2092004021825473,12.996975067130242,15.67945818071532,34.9410235203756,34.3486328125,206.61328125,233.39453125,531.2529296875,19.7666015625,105.28125,119.7587890625,292.9755859375,2009-08-16,386.05
709,710,33.95,46.8,17.95,12.85,94425.0,-1332480.0,3577,35.97939841375837,46.85592838533316,15.879279183146782,8,2009,235,0.618369803069737,0.6002675725424578,11.76084500299932,0.010313301594630175,479,11.320873796356892,-2.1249289848818407,3.619812657077299,-1.289641057705902,22.564703,130.89069,8.73151,28.502051964898758,1482.566156431686,0.0,0.033203125,367.203125,694.2353515625,1642.73828125,2367.0712890625,1891.2958984375,2.266751108194345,13.175535414221198,15.20617546931279,36.388542541757595,35.30859375,207.625,240.9619140625,530.48046875,19.5771484375,110.8916015625,125.0478515625,282.6884765625,2009-08-23,386.05
710,711,37.95,48.1,12.6,12.1,94425.0,-1332480.0,3577,36.287746000124486,46.57361585781942,15.820912833294368,8,2009,243,0.618369803069737,0.617651840044935,11.845795821029425,0.010834740603613113,487,11.320873796356892,-2.1249289848818407,3.619812657077299,-1.289641057705902,22.564703,130.89069,8.73151,28.502051964898758,1482.566156431686,0.0009765625,0.033203125,198.970703125,862.4677734375,1642.73828125,2367.0712890625,1891.2958984375,2.3309554598972264,13.56926956283145,15.504541605359261,34.9682178688267,36.3486328125,216.84375,243.2734375,540.2041015625,20.6572265625,123.97265625,131.5595703125,281.2099609375,2009-08-31,386.05
711,712,37.0,45.7,16.1,12.2,94425.0,-1332480.0,3577,37.09785663252602,47.16279185210369,14.43732799707816,9,2009,244,0.6816387600233341,0.6198041813394971,11.856685595317774,0.010889774288349585,488,11.320873796356892,-2.1249289848818407,3.619812657077299,-1.289641057705902,22.564703,130.89069,8.73151,28.502051964898758,1482.566156431686,0.0009765625,0.033203125,188.876953125,872.5615234375,1642.73828125,2367.0712890625,1891.2958984375,2.519718629524421,14.073892888564131,15.167228984254788,35.03265101995035,37.7392578125,219.8134765625,241.9130859375,543.1845703125,21.466796875,125.392578125,131.1494140625,282.220703125,2009-09-01,386.05
712,713,37.85,48.95,11.8,12.45,94425.0,-1332480.0,3577,38.49923863545578,47.54347303882197,12.689620389928088,9,2009,251,0.6816387600233341,0.6347394054621148,11.934282750456918,0.011218121032861461,495,11.320873796356892,-2.1249289848818407,3.619812657077299,-1.289641057705902,22.564703,130.89069,8.73151,28.502051964898758,1482.566156431686,0.0166015625,0.033203125,181.7802734375,879.658203125,1642.73828125,2367.0712890625,1891.2958984375,2.5936818693537305,14.586298156171463,16.59361151808855,34.52042182348981,37.720703125,220.546875,257.552734375,551.703125,22.99609375,129.0263671875,146.859375,293.611328125,2009-09-08,386.05
713,714,38.35,46.75,13.65,12.35,94425.0,-1332480.0,3577,38.82920825304146,48.64966426761365,11.302988652212969,9,2009,260,0.6816387600233341,0.6535980501322224,12.036793929037703,0.011506565193720064,504,11.320873796356892,-2.1249289848818407,3.619812657077299,-1.289641057705902,22.564703,130.89069,8.73151,28.502051964898758,1482.566156431686,1.9912109375,0.0302734375,59.8935546875,1001.5283203125,1642.7568359375,2367.072265625,1890.787109375,2.374793116998024,17.043562696871653,16.281264775274217,36.81091846821333,36.6005859375,224.755859375,256.1865234375,573.2783203125,21.646484375,139.6845703125,158.3330078125,319.2509765625,2009-09-17,386.05
714,715,39.4,50.55,8.85,13.45,94425.0,-1332480.0,3577,38.948535365557404,48.97224973168514,10.880157458638802,9,2009,267,0.6816387600233341,0.6679917430213101,12.1178991757667,0.011634510578284463,511,11.320873796356892,-2.1249289848818407,3.619812657077299,-1.289641057705902,22.564703,130.89069,8.73151,28.502051964898758,1482.566156431686,2.12890625,0.0302734375,59.8935546875,1001.4931640625,1642.7919921875,2367.0703125,1890.7890625,2.3426870891958593,15.610508977149212,19.418355813869677,37.92495425923276,37.130859375,221.576171875,261.3564453125,587.5517578125,25.1357421875,137.5556640625,161.3310546875,346.4345703125,2009-09-24,386.05
715,716,40.5,47.7142857142857,10.7142857142857,12.5,94429.2857142857,-1332462.85714286,3577,38.24275476844565,49.44547279345302,11.119626812814001,9,2009,268,0.6816387600233341,0.6700280517804915,12.129545149637705,0.011645973871004855,512,11.320873796356892,-2.1249289848818407,3.619812657077299,-1.289641057705902,22.564703,130.89069,8.73151,28.502051964898758,1482.566156431686,18.5751953125,0.0302734375,59.8935546875,1001.4931640625,1642.7919921875,2367.0703125,1890.7890625,2.2856451530809023,15.13464671208628,19.877085311881658,38.112097206043515,36.5107421875,222.265625,261.4365234375,588.4736328125,23.3359375,140.3251953125,160.4716796875,349.953125,2009-09-25,386.05
716,717,36.25,53.25,9.45,11.5,94425.0,-1332480.0,3577,36.72854738140567,50.85288635512333,11.257968192796229,10,2009,276,0.7401768531960371,0.6861361913257407,12.222914124281097,0.011673766797985152,520,11.320873796356892,-2.1249289848818407,3.619812657077299,-1.289641057705902,22.564703,130.89069,8.73151,28.502051964898758,1482.566156431686,18.6630859375,0.03125,59.89453125,1001.4931640625,1642.65234375,2367.2041015625,1890.794921875,2.8263971822701697,17.51001057852247,17.7907247406131,41.0083565290235,38.6142578125,224.529296875,261.265625,589.3056640625,24.068359375,137.498046875,164.841796875,364.0859375,2009-10-03,386.05
717,718,36.5,47.7,14.4,12.25,94425.0,-1332480.0,3577,36.72291887678336,49.98075608601177,12.050709971141604,10,2009,283,0.7401768531960371,0.6999606990471843,12.304380183796448,0.011596633082874064,527,11.320873796356892,-2.1249289848818407,3.619812657077299,-1.289641057705902,22.564703,130.89069,8.73151,28.502051964898758,1482.566156431686,17.0068359375,1.849609375,33.072265625,1021.5673828125,1649.1416015625,2367.4638671875,1890.794921875,3.4483430741839998,19.721817288384074,20.33640776079264,42.51781649436239,38.564453125,232.083984375,263.1435546875,594.384765625,20.1484375,129.70703125,161.56640625,370.5947265625,2009-10-10,386.05
718,719,33.5,51.9,13.35,11.95,94425.0,-1332480.0,3577,36.77688789538085,49.11851778251973,12.83371891266436,10,2009,292,0.7401768531960371,0.7173560908995228,12.407575750235404,0.011331353035295422,536,11.320873796356892,-2.1249289848818407,3.619812657077299,-1.289641057705902,22.564703,130.89069,8.73151,28.502051964898758,1482.566156431686,17.287109375,1.9912109375,10.7880859375,1032.671875,1654.671875,2373.138671875,1890.5048828125,4.007409574136652,17.8971973644012,23.560563763053235,43.76425538437642,37.353515625,230.423828125,268.859375,602.7666015625,23.7978515625,142.3583984375,143.6259765625,376.353515625,2009-10-19,386.05
719,720,38.2,48.35,12.1,12.15,94425.0,-1332480.0,3577,36.78702126046778,49.984483705141876,11.977031894831962,10,2009,299,0.7401768531960371,0.7305848530682543,12.48552638350521,0.010967139911665313,543,11.320873796356892,-2.1249289848818407,3.619812657077299,-1.289641057705902,22.564703,130.89069,8.73151,28.502051964898758,1482.566156431686,0.658203125,18.6298828125,10.7880859375,1032.556640625,1654.5830078125,2373.3408203125,1874.005859375,3.4301582584573076,18.307824687070266,21.904606938537853,49.53409440681655,39.3935546875,228.75390625,267.77734375,610.3603515625,23.2978515625,136.998046875,166.15625,355.1376953125,2009-10-26,386.05
720,721,38.0,52.25,8.75,24.75,94365.0,-1332480.0,3577,37.44716978067812,50.56738006574713,10.812038425968698,11,2009,307,0.793577803248942,0.7453741387858221,12.570611767727595,0.01034243335269558,551,11.320873796356892,-2.1249289848818407,3.619812657077299,-1.289641057705902,22.564703,130.89069,8.73151,28.502051964898758,1482.566156431686,0.7900390625,18.66796875,10.7353515625,1032.609375,1653.251953125,2374.671875,1873.896484375,2.857536208590699,16.763438015363676,21.551728186155685,51.71787318611385,38.4423828125,230.1826171875,269.3974609375,614.32421875,25.3857421875,143.294921875,166.5263671875,352.587890625,2009-11-03,386.05
721,722,39.0,47.95,11.75,10.7,94425.0,-1332480.0,3577,38.99619065144798,50.841885359215226,9.06368816941437,11,2009,308,0.793577803248942,0.7471977675094822,12.58085836645246,0.010246598724865663,552,11.320873796356892,-2.1249289848818407,3.619812657077299,-1.289641057705902,22.564703,130.89069,8.73151,28.502051964898758,1482.566156431686,1.2578125,18.7353515625,10.7333984375,1032.611328125,1653.251953125,2347.3837890625,1901.1845703125,2.7366858481663634,16.71686740148944,21.82276964572545,51.42252087143786,37.6923828125,229.640625,271.23828125,612.32421875,25.6962890625,144.873046875,165.24609375,352.5380859375,2009-11-04,386.05
722,723,43.7,47.6,7.5,12.55,94425.0,-1332480.0,3577,41.90412381735285,51.34981744261163,5.720247812042622,11,2009,315,0.793577803248942,0.7598053683187144,12.64953522822113,0.009452663188943333,559,11.320873796356892,-2.1249289848818407,3.619812657077299,-1.289641057705902,22.564703,130.89069,8.73151,28.502051964898758,1482.566156431686,6.7314453125,18.828125,10.6884765625,1031.0458984375,1643.51171875,2301.6982421875,1911.341796875,2.861136033427763,17.506971687499536,19.453553249655805,49.684726754110066,39.0224609375,235.0419921875,267.3330078125,614.703125,25.736328125,144.3154296875,170.5693359375,374.158203125,2009-11-11,386.05
723,724,36.375,62.125,1.0,13.625,94398.75,-1332506.25,3577,39.4043300352839,53.61742622701574,5.991663599557441,11,2009,331,0.793577803248942,0.7875661047787841,12.779457711681347,0.006742443139668097,575,11.320873796356892,-2.1249289848818407,3.619812657077299,-1.289641057705902,22.564703,130.89069,8.73151,28.502051964898758,1482.566156431686,11.4765625,19.287109375,0.0341796875,989.7998046875,1626.791015625,2339.0078125,1810.1162109375,2.4763113586119037,15.153438203860125,21.28163588904916,45.73478933709892,38.072265625,223.9814453125,278.3740234375,619.931640625,25.17578125,148.9052734375,172.720703125,392.513671875,2009-11-27,386.05
724,725,40.1,53.2,5.6,12.2,94437.0,-1332453.0,3577,39.52128653080075,55.03631376362753,4.343095140153317,11,2009,332,0.793577803248942,0.7892514487478929,12.785987918938334,0.006530207256986387,576,11.320873796356892,-2.1249289848818407,3.619812657077299,-1.289641057705902,22.564703,130.89069,8.73151,28.502051964898758,1482.566156431686,14.271484375,19.3173828125,0.0341796875,989.607421875,1618.7783203125,2347.212890625,1809.7685546875,2.583191211098472,14.789731311383726,21.12197680142924,45.73272601523365,38.76171875,223.1318359375,277.8740234375,620.2294921875,25.6162109375,149.8955078125,172.1103515625,394.6513671875,2009-11-28,386.05
725,726,43.4,47.4,7.86666666666667,12.9333333333333,94425.0,-1332465.0,3577,39.388826421250876,53.877685085803975,5.5430244162434015,12,2009,339,0.8414709848078965,0.8008822762508344,12.825358563083354,0.004913182218370338,583,11.320873796356892,-2.1249289848818407,3.619812657077299,-1.289641057705902,22.564703,130.89069,8.73151,28.502051964898758,1482.566156431686,60.109375,20.5927734375,0.03515625,962.580078125,1643.1328125,2331.87890625,1798.9541015625,2.976963914952428,14.489911866189097,17.3729225224822,47.510717108108665,39.478515625,229.2236328125,261.8935546875,631.2822265625,24.4169921875,151.8193359375,175.51171875,394.294921875,2009-12-05,386.05
726,727,39.6,51.45,7.65,10.05,94425.0,-1332480.0,3577,39.212008888938016,50.18411356444662,9.389828128526416,12,2009,340,0.8414709848078965,0.8025198761927164,12.830023271659366,0.004664708576012089,584,11.320873796356892,-2.1249289848818407,3.619812657077299,-1.289641057705902,22.564703,130.89069,8.73151,28.502051964898758,1482.566156431686,60.0791015625,20.6083984375,0.0498046875,956.9716796875,1640.6376953125,2339.982421875,1798.482421875,2.8831380415428294,15.207883989509988,16.964439712354125,47.17238637174157,39.55859375,230.25,262.2041015625,630.3623046875,25.7568359375,151.0,175.40234375,395.7841796875,2009-12-06,386.05
727,728,36.2,52.35,10.2,23.05,94425.0,-1332480.0,3577,40.50574008034704,44.318017740766535,13.981318526672474,12,2009,347,0.8414709848078965,0.8138137270339217,12.85540801665823,0.002824299393218155,591,11.320873796356892,-2.1249289848818407,3.619812657077299,-1.289641057705902,22.564703,130.89069,8.73151,28.502051964898758,1482.566156431686,108.8125,24.1630859375,2.0244140625,937.458984375,1626.740234375,2308.810546875,1825.931640625,1.2234876337598641,11.843131131504485,18.091022031052816,43.753568454251194,33.6591796875,219.3544921875,269.80859375,617.6416015625,24.9267578125,154.4111328125,176.7568359375,397.654296875,2009-12-13,386.05
728,729,36.2,39.45,23.05,23.25,94425.0,-1332480.0,3577,43.77621302845107,37.332527147769255,17.6296998151461,12,2009,364,0.8414709848078965,0.8399875482895418,12.860148884034878,-0.0020059544141250996,608,11.320873796356892,-2.1249289848818407,3.619812657077299,-1.289641057705902,22.564703,130.89069,8.73151,28.502051964898758,1482.566156431686,246.1181640625,35.0244140625,18.6591796875,752.9814453125,1477.4697265625,2547.158203125,1818.29296875,1.431789214991882,9.791872633416219,10.74622288231879,32.602913491209264,34.9990234375,214.8544921875,242.50390625,586.8369140625,25.27734375,150.6015625,174.8076171875,406.8291015625,2009-12-30,386.05
729,730,66.5,25.15,7.1,15.95,94425.0,-1332480.0,3577,49.72765926023696,30.502086999683065,18.59128518540006,2,2010,39,0.16589613269341502,0.10664611864394649,12.584929673177198,-0.010210891935306776,648,11.320873796356892,-2.1249289848818407,3.619812657077299,-1.289641057705902,22.564703,130.89069,8.73151,28.502051964898758,1482.566156431686,428.57421875,519.8447265625,24.7509765625,531.6689453125,1284.0166015625,2440.29296875,1821.9873046875,1.5080637682731444,7.60218193314467,6.548839155452504,16.538127029383276,35.853515625,208.34375,225.1875,530.3984375,24.5478515625,147.0966796875,172.2197265625,393.921875,2010-02-08,388.23
730,731,43.625,20.125,35.5,13.5,94413.75,-1332513.75,3577,55.14595203557227,26.991930360656987,16.76716688883622,2,2010,47,0.16589613269341502,0.12841157084082863,12.4997959292394,-0.010938231872451354,656,11.320873796356892,-2.1249289848818407,3.619812657077299,-1.289641057705902,22.564703,130.89069,8.73151,28.502051964898758,1482.566156431686,318.52734375,644.1630859375,27.974609375,486.6142578125,1143.966796875,2554.15625,1820.0107421875,1.5243200632490481,9.435900113789087,9.82869011726598,15.844874704181981,34.9638671875,213.513671875,247.4765625,524.326171875,26.98828125,156.0986328125,173.5751953125,389.9775390625,2010-02-16,388.23
731,732,60.1428571428571,27.8571428571429,10.8571428571429,15.8571428571429,94437.8571428571,-1332443.57142857,3577,61.93171542079284,23.366216987343535,13.511922855264498,3,2010,63,0.24740395925452294,0.1717469937551714,12.31716901828117,-0.011709788510442465,672,11.320873796356892,-2.1249289848818407,3.619812657077299,-1.289641057705902,22.564703,130.89069,8.73151,28.502051964898758,1482.566156431686,319.51171875,868.205078125,80.7021484375,199.005859375,1098.18359375,1883.91796875,2598.8916015625,1.5015181035113574,2.970826999860355,9.998980198900142,23.963219457378525,34.513671875,177.3037109375,245.0380859375,567.1318359375,25.21484375,148.111328125,179.5361328125,409.3486328125,2010-03-04,388.23
732,733,72.0,23.5,2.9,17.6,94425.0,-1332480.0,3577,66.19404898506076,23.424329849713352,9.058435372675518,3,2010,78,0.24740395925452294,0.21207584036466856,12.139953772771975,-0.01183094871798751,687,11.320873796356892,-2.1249289848818407,3.619812657077299,-1.289641057705902,22.564703,130.89069,8.73151,28.502051964898758,1482.566156431686,315.0068359375,831.4208984375,157.2529296875,61.9150390625,1099.8564453125,1803.7998046875,2581.357421875,2.193671649024028,9.754817468073458,12.553035720202477,17.65137135858538,35.6337890625,209.875,251.267578125,527.103515625,24.53515625,149.189453125,175.8447265625,405.3056640625,2010-03-19,388.23
733,734,68.45,29.35,0.8,17.6,94425.0,-1332480.0,3577,67.10689241098454,26.80506389894535,4.627622686909929,4,2010,118,0.3271946967961522,0.317685628932238,11.693748461343617,-0.0099656002506876,727,11.320873796356892,-2.1249289848818407,3.619812657077299,-1.289641057705902,22.564703,130.89069,8.73151,28.502051964898758,1482.566156431686,338.8271484375,524.6181640625,809.51953125,30.109375,1059.3427734375,1663.951171875,2375.8173828125,1.4275175071976411,10.577666544695688,8.385982454672098,19.440207590035882,34.6015625,207.2119140625,230.0224609375,534.8076171875,23.3212890625,145.6455078125,170.9375,398.08984375,2010-04-28,388.23
734,735,68.0,28.3,2.4,15.4,94425.0,-1332480.0,3577,66.75049401062336,31.48742781985346,0.20702347188412576,4,2010,119,0.3271946967961522,0.3202822309233318,11.683877734314635,-0.009870727028982174,728,11.320873796356892,-2.1249289848818407,3.619812657077299,-1.289641057705902,22.564703,130.89069,8.73151,28.502051964898758,1482.566156431686,338.8583984375,497.732421875,836.517578125,30.1787109375,1059.3427734375,1663.951171875,2356.1513671875,1.6863470266695881,10.453634251514913,8.87602144034385,18.93732514334152,34.662109375,207.7412109375,231.142578125,532.9755859375,25.5009765625,144.435546875,171.0576171875,397.5556640625,2010-04-29,388.23
735,736,61.0,37.0,0.0,15.0,94365.0,-1332525.0,3577,64.44628088628674,34.969144245841804,0.0,5,2010,127,0.40471456356112473,0.340966867022661,11.608692849968236,-0.00900113547167436,736,11.320873796356892,-2.1249289848818407,3.619812657077299,-1.289641057705902,22.564703,130.89069,8.73151,28.502051964898758,1482.566156431686,322.203125,411.6220703125,939.1640625,31.3623046875,1059.3955078125,1663.951171875,2348.80859375,2.3587155567134124,10.52080287928317,12.00152709478101,18.870863604352223,34.2890625,206.1259765625,240.97265625,531.44140625,25.896484375,149.162109375,172.1064453125,392.02734375,2010-05-07,388.23
736,737,61.55,36.3,0.7,16.6,94425.0,-1332480.0,3577,62.988326070205204,37.247073514715005,0.0,5,2010,134,0.40471456356112473,0.3589319018261088,11.549323535842133,-0.008067547399484454,743,11.320873796356892,-2.1249289848818407,3.619812657077299,-1.289641057705902,22.564703,130.89069,8.73151,28.502051964898758,1482.566156431686,152.658203125,556.0654296875,957.1943359375,38.38671875,1059.4423828125,1650.548828125,2362.2109375,1.9873330388573067,11.120439954337506,12.879518435996584,23.658840985562033,34.189453125,199.4140625,240.4150390625,539.8095703125,23.5263671875,141.5966796875,175.05859375,391.56640625,2010-05-14,388.23
737,738,53.55,43.0,2.15,16.65,94425.0,-1332480.0,3577,56.27046629839907,39.88820506118671,2.467823662405331,5,2010,150,0.40471456356112473,0.39948857551559425,11.442625626536037,-0.005297847644733622,759,11.320873796356892,-2.1249289848818407,3.619812657077299,-1.289641057705902,22.564703,130.89069,8.73151,28.502051964898758,1482.566156431686,10.365234375,448.0087890625,1163.7861328125,80.7373046875,1070.09765625,1647.740234375,2364.9677734375,1.4107605952873117,9.494159228627158,11.313175716035053,29.703181266700767,33.478515625,208.34375,238.0927734375,543.2763671875,24.416015625,143.6455078125,175.6728515625,390.2744140625,2010-05-30,388.23
738,739,58.5,38.75,1.5,16.5,94440.0,-1332435.0,3577,52.27137289953846,42.71547941222226,3.6868368473626107,6,2010,159,0.479425538604203,0.42196935074219,11.404332569636416,-0.003388715291672284,7,16.067576592651598,-2.1249289848818407,3.619812657077299,-1.289641057705902,22.564703,130.89069,8.73151,28.502051964898758,1482.566156431686,9.248046875,422.3056640625,1186.26171875,85.08203125,1070.09765625,1647.5869140625,2365.12109375,1.5936099930608414,11.576714007723739,11.134590261910304,27.40459708925446,31.0185546875,185.0947265625,235.412109375,545.6337890625,17.6376953125,105.5185546875,167.5322265625,391.078125,2010-06-08,388.23
739,740,51.35,44.3,3.2,15.8,94425.0,-1332480.0,3577,48.86406534641099,43.74159230861363,6.085363088922547,6,2010,166,0.479425538604203,0.43927773034583373,11.386994324748727,-0.0017814725844917945,14,16.067576592651598,-2.1249289848818407,3.619812657077299,-1.289641057705902,22.564703,130.89069,8.73151,28.502051964898758,1482.566156431686,9.248046875,387.9443359375,1150.3291015625,155.3759765625,1070.09765625,1647.5869140625,2365.12109375,2.2761362701088252,12.330446940729408,13.17032400078458,25.787263820962686,32.0986328125,192.7939453125,216.11328125,543.8427734375,21.1376953125,127.1767578125,123.15625,391.447265625,2010-06-15,388.23
740,741,39.5,45.5,13.7142857142857,15.5,94420.7142857143,-1332497.14285714,3577,45.16744782564541,44.957411370872144,8.643370406681804,6,2010,175,0.479425538604203,0.46129308162738264,11.38163371087441,0.00035792445433813214,23,16.067576592651598,-2.1249289848818407,3.619812657077299,-1.289641057705902,22.564703,130.89069,8.73151,28.502051964898758,1482.566156431686,1.5673828125,374.001953125,1114.853515625,212.4716796875,1070.1005859375,1638.76171875,2373.9462890625,2.0707204845825355,12.611496043655706,15.359506891197357,28.01095144443932,32.9990234375,195.1533203125,225.162109375,516.84375,23.5078125,126.77734375,146.4443359375,333.154296875,2010-06-24,388.23
741,742,43.5714285714286,46.2857142857143,8.71428571428571,15.4285714285714,94437.8571428571,-1332443.57142857,3577,43.47254181609332,44.84512524732146,10.450084986854083,7,2010,198,0.5508090958869698,0.5162493246712834,11.452996687686085,0.0054496009385633926,46,16.067576592651598,-2.1249289848818407,3.619812657077299,-1.289641057705902,22.564703,130.89069,8.73151,28.502051964898758,1482.566156431686,1.0048828125,46.8271484375,981.693359375,674.34375,1070.130859375,1638.7568359375,2362.3935546875,1.9880483459790304,12.331129308702572,12.670900788377505,34.021685127226185,32.4814453125,200.4267578125,227.7470703125,525.80859375,21.5380859375,129.8583984375,161.216796875,357.09765625,2010-07-17,388.23
742,743,39.55,46.5,12.6,14.5,94425.0,-1332480.0,3577,41.20715655305419,45.820754818723685,11.667041460561983,7,2010,199,0.5508090958869698,0.5185937906461534,11.458637935679427,0.005641247993342091,47,16.067576592651598,-2.1249289848818407,3.619812657077299,-1.289641057705902,22.564703,130.89069,8.73151,28.502051964898758,1482.566156431686,1.0048828125,14.482421875,985.412109375,702.9697265625,1070.130859375,1638.7568359375,2362.3935546875,1.8392071759010817,12.161518778898785,12.566271256689696,34.42130601896206,32.8505859375,198.966796875,229.6875,524.0205078125,19.828125,129.5986328125,159.9169921875,359.7177734375,2010-07-18,388.23
743,744,41.15,44.35,13.35,12.95,94425.0,-1332480.0,3577,39.6233631257149,46.40699113539573,12.688167952550431,7,2010,206,0.5508090958869698,0.5348950775076794,11.503215101470369,0.006889651470586955,54,16.067576592651598,-2.1249289848818407,3.619812657077299,-1.289641057705902,22.564703,130.89069,8.73151,28.502051964898758,1482.566156431686,1.0048828125,10.6806640625,882.3076171875,809.8759765625,1061.4716796875,1647.416015625,2362.3935546875,2.311920772711974,13.161448194460558,14.000725954799867,31.999774636016046,33.87109375,197.10546875,231.8173828125,525.1455078125,23.5283203125,128.48828125,149.4267578125,366.0888671875,2010-07-25,388.23
744,745,40.6,47.25,11.0,14.55,94425.0,-1332480.0,3577,38.105812474942276,48.66466503118549,12.012897644546236,8,2010,214,0.618369803069737,0.5532838822146887,11.56396544156021,0.008108890438775163,62,16.067576592651598,-2.1249289848818407,3.619812657077299,-1.289641057705902,22.564703,130.89069,8.73151,28.502051964898758,1482.566156431686,1.1416015625,9.841796875,738.640625,954.3818359375,1061.4716796875,1647.416015625,2362.3935546875,2.4043478395785836,12.561812841772765,15.775834725977395,30.7101858451206,34.529296875,208.2060546875,231.06640625,527.1669921875,26.197265625,142.21875,157.005859375,352.3798828125,2010-08-02,388.23
745,746,40.65,49.2,8.95,12.8,94425.0,-1332480.0,3577,38.82006631932224,49.31750193522497,10.6817052202366,8,2010,238,0.618369803069737,0.6068209156094186,11.792216100650641,0.01052644601157482,86,16.067576592651598,-2.1249289848818407,3.619812657077299,-1.289641057705902,22.564703,130.89069,8.73151,28.502051964898758,1482.566156431686,0.1435546875,1.0048828125,570.5869140625,1132.27734375,1061.4716796875,1642.73828125,2367.0712890625,1.9800506901280195,12.487765769132796,16.55141244976308,37.33068707252248,36.388671875,211.68359375,242.2431640625,539.0341796875,19.7666015625,134.7216796875,129.458984375,352.767578125,2010-08-26,388.23
746,747,38.2307692307692,49.5384615384615,10.9230769230769,12.6923076923077,94418.0769230769,-1332499.61538462,3577,39.865569105810806,49.10727028388832,9.899955153204438,9,2010,255,0.6816387600233341,0.6431693540965963,11.979528962491102,0.01136398622936774,103,16.067576592651598,-2.1249289848818407,3.619812657077299,-1.289641057705902,22.564703,130.89069,8.73151,28.502051964898758,1482.566156431686,27.1337890625,1.1484375,398.328125,1302.5478515625,1063.458984375,1642.73828125,2367.072265625,2.3602274699953885,14.544302032013313,14.618380312611784,33.750207767220196,37.451171875,219.38671875,243.5908203125,557.7333984375,22.15625,146.92578125,158.2158203125,330.5322265625,2010-09-12,388.23
747,748,32.4444444444444,53.7222222222222,12.8333333333333,16.0,94431.6666666667,-1332476.66666667,3577,38.75390566539068,49.70845276286305,10.411300289769786,9,2010,262,0.6816387600233341,0.6577352961024162,12.05987546002561,0.011551599882047014,110,16.067576592651598,-2.1249289848818407,3.619812657077299,-1.289641057705902,22.564703,130.89069,8.73151,28.502051964898758,1482.566156431686,27.1337890625,1.1484375,397.119140625,1303.75390625,1063.408203125,1642.7919921875,2367.072265625,2.445220505961246,15.922789444815647,16.9045295020087,32.39673605755571,36.12109375,223.0361328125,256.837890625,556.220703125,23.595703125,142.7451171875,169.08203125,355.048828125,2010-09-19,388.23
748,749,41.8,49.45,7.6,12.35,94425.0,-1332480.0,3577,39.151938571068214,49.98441444242077,9.708226258141444,9,2010,263,0.6816387600233341,0.6597965213074676,12.071447034841347,0.01157157481573634,111,16.067576592651598,-2.1249289848818407,3.619812657077299,-1.289641057705902,22.564703,130.89069,8.73151,28.502051964898758,1482.566156431686,27.4443359375,1.1484375,397.041015625,1303.83203125,1063.408203125,1642.7919921875,2367.072265625,1.7638797885188353,16.002075751295372,16.936450886315793,32.72812280948611,34.111328125,221.8662109375,258.158203125,556.9228515625,24.8759765625,143.1748046875,165.841796875,358.16796875,2010-09-20,388.23
749,750,44.3,47.6,6.95,11.6,94425.0,-1332480.0,3577,40.10394961868522,48.66630019578804,9.990826748862876,9,2010,270,0.6816387600233341,0.6740855661712415,12.152864553502909,0.011663696277551594,118,16.067576592651598,-2.1249289848818407,3.619812657077299,-1.289641057705902,22.564703,130.89069,8.73151,28.502051964898758,1482.566156431686,5.140625,27.8779296875,347.74609375,1336.48828125,1080.046875,1642.7900390625,2367.0703125,2.772679909498544,15.758069856399025,17.765955539814207,36.340248968104554,38.7412109375,218.65625,255.9775390625,572.3583984375,23.06640625,146.6259765625,168.05078125,372.0810546875,2010-09-27,388.23
750,751,44.8,40.6,13.2,10.2,94425.0,-1332435.0,3577,42.50761478075678,46.630708573259355,9.587544693139828,9,2010,271,0.6816387600233341,0.6761067413467257,12.164534475222968,0.011669921720059762,119,16.067576592651598,-2.1249289848818407,3.619812657077299,-1.289641057705902,22.564703,130.89069,8.73151,28.502051964898758,1482.566156431686,5.11328125,27.9052734375,347.74609375,1336.48828125,1080.046875,1642.763671875,2367.0966796875,2.6185262447902273,16.266911307776567,16.978821516997016,36.93981649504019,37.880859375,224.146484375,250.5673828125,576.380859375,24.9658203125,146.076171875,168.7109375,373.419921875,2010-09-28,388.23
751,752,41.4,47.7,9.7,12.2,94425.0,-1332480.0,3577,45.63984616636947,44.4198504361334,8.65386381896136,10,2010,278,0.7401768531960371,0.6901120250244518,12.246245008084735,0.011662010485347096,126,16.067576592651598,-2.1249289848818407,3.619812657077299,-1.289641057705902,22.564703,130.89069,8.73151,28.502051964898758,1482.566156431686,8.916015625,26.96875,315.857421875,1369.224609375,1080.15234375,1642.46484375,2367.3916015625,2.877856700748332,15.860580939062237,18.885437552566795,39.30025769942543,38.6943359375,227.0537109375,262.02734375,583.357421875,25.908203125,148.1806640625,171.0419921875,383.9150390625,2010-10-05,388.23
752,753,41.7857142857143,49.5,7.21428571428571,14.8571428571429,94442.1428571429,-1332469.28571429,3577,47.56083101624188,42.91079008709947,8.148971461973343,10,2010,287,0.7401768531960371,0.7077451560938813,12.350546973176193,0.011503989543195203,135,16.067576592651598,-2.1249289848818407,3.619812657077299,-1.289641057705902,22.564703,130.89069,8.73151,28.502051964898758,1482.566156431686,126.51171875,27.27734375,47.83203125,1636.8095703125,1073.587890625,1644.041015625,2372.8720703125,1.6035949591630352,11.234228685644142,18.668915921007418,40.949130175267676,34.7236328125,213.513671875,265.32421875,588.31640625,26.2080078125,143.8173828125,175.2734375,388.6943359375,2010-10-14,388.23
753,754,58.4,34.8,5.35,14.95,94425.0,-1332480.0,3577,51.03138076233289,40.86855047256913,6.626757298428134,11,2010,310,0.793577803248942,0.7508281857005106,12.601047038928604,0.010042142690563693,158,16.067576592651598,-2.1249289848818407,3.619812657077299,-1.289641057705902,22.564703,130.89069,8.73151,28.502051964898758,1482.566156431686,200.0888671875,40.7041015625,10.396484375,1672.9912109375,1063.9697265625,1642.3408203125,2310.173828125,2.8991911253901606,9.12334056645831,14.619708543635998,30.866038707320826,35.90234375,195.1357421875,254.7890625,561.142578125,24.7060546875,140.3994140625,168.7666015625,389.4169921875,2010-11-06,388.23
754,755,57.05,34.95,6.55,14.15,94425.0,-1332480.0,3577,55.70919462373738,37.20270663288683,5.614575826649288,11,2010,311,0.793577803248942,0.7526349479176189,12.61098039455272,0.009933355624117013,159,16.067576592651598,-2.1249289848818407,3.619812657077299,-1.289641057705902,22.564703,130.89069,8.73151,28.502051964898758,1482.566156431686,201.5341796875,40.7041015625,10.396484375,1672.9892578125,1062.43359375,1643.439453125,2302.61328125,2.411828407890644,10.219155388894928,14.244074804544477,30.533650668176143,36.6220703125,195.7744140625,253.638671875,560.9326171875,21.4658203125,139.337890625,169.8857421875,388.037109375,2010-11-07,388.23
755,756,59.15,36.35,3.3,14.0,94425.0,-1332480.0,3577,62.20995165823958,32.01718374504273,4.310243626342054,11,2010,318,0.793577803248942,0.7651233475735113,12.677082352396177,0.009042375217228837,166,16.067576592651598,-2.1249289848818407,3.619812657077299,-1.289641057705902,22.564703,130.89069,8.73151,28.502051964898758,1482.566156431686,94.3818359375,155.177734375,10.396484375,1666.1025390625,1063.5673828125,1648.4560546875,2296.16015625,1.8734839921970157,13.15177738863562,12.630983796785571,32.63551771229082,36.3017578125,221.4208984375,232.396484375,567.25390625,24.8759765625,147.0361328125,160.8037109375,389.677734375,2010-11-14,388.23
756,757,63.55,29.5,5.3,16.3,94425.0,-1332480.0,3577,67.97722741653615,27.120138633292477,3.5192389138204314,11,2010,326,0.793577803248942,0.7790509663129592,12.743722578190905,0.0077286736577732995,174,16.067576592651598,-2.1249289848818407,3.619812657077299,-1.289641057705902,22.564703,130.89069,8.73151,28.502051964898758,1482.566156431686,113.9033203125,173.8447265625,2.7158203125,1673.1689453125,1060.0849609375,1623.685546875,2299.9892578125,2.0291463783233192,11.966493789628606,14.575542671775562,31.555434040779094,36.7021484375,216.6923828125,257.1826171875,559.6708984375,24.49609375,149.31640625,171.8515625,380.083984375,2010-11-22,388.23
757,758,70.15,25.55,2.65,16.65,94425.0,-1332480.0,3577,71.36226989251644,23.646087813112146,3.6580949295995038,11,2010,334,0.793577803248942,0.7926043514935122,12.798392221866987,0.006091201368766619,182,16.067576592651598,-2.1249289848818407,3.619812657077299,-1.289641057705902,22.564703,130.89069,8.73151,28.502051964898758,1482.566156431686,129.8486328125,172.287109375,27.9052734375,1649.2099609375,1043.21484375,1616.42578125,2349.6455078125,1.4707583402402704,10.814618910246686,14.23285435983237,31.345000403617085,34.1318359375,218.041015625,253.724609375,562.703125,25.416015625,151.1865234375,174.482421875,382.1171875,2010-11-30,388.23
758,759,81.95,16.9,0.1,15.75,94425.0,-1332480.0,3577,71.446612068559,24.029268873537735,3.19370322461487,2,2011,33,0.16589613269341502,0.09028783724052472,12.644450783829429,-0.009480375611570224,246,16.067576592651598,-2.1249289848818407,3.619812657077299,-1.289641057705902,22.564703,130.89069,8.73151,28.502051964898758,1482.566156431686,378.37890625,374.494140625,238.8056640625,755.103515625,1499.865234375,1316.1806640625,2600.96484375,1.7011747849589984,9.345904016977215,5.133462888378198,14.180430240623242,35.564453125,210.6875,216.3662109375,509.9072265625,25.6376953125,146.015625,166.068359375,397.142578125,2011-02-02,390.03
759,760,68.5,22.1666666666667,8.16666666666667,14.9166666666667,94417.5,-1332502.5,3577,69.42478735838023,26.527784393105513,2.634165461433464,2,2011,34,0.16589613269341502,0.09301603117127316,12.634836820227676,-0.009613963601752928,247,16.067576592651598,-2.1249289848818407,3.619812657077299,-1.289641057705902,22.564703,130.89069,8.73151,28.502051964898758,1482.566156431686,375.1748046875,377.6982421875,238.8056640625,749.630859375,1498.2236328125,1323.294921875,2577.291015625,1.4971803498030039,9.649562480285123,5.792989016612258,13.662625703977051,35.2744140625,211.8642578125,219.236328125,507.787109375,25.9384765625,148.62890625,165.1083984375,395.9033203125,2011-02-03,390.03
760,761,64.5,33.45,0.65,19.0,94425.0,-1332480.0,3577,66.77010593596879,29.462430448803758,2.3555889097800313,5,2011,130,0.40471456356112473,0.3486819095177108,11.582441957811639,-0.008621514759420634,343,16.067576592651598,-2.1249289848818407,3.619812657077299,-1.289641057705902,22.564703,130.89069,8.73151,28.502051964898758,1482.566156431686,75.4638671875,1144.1552734375,854.48046875,259.8828125,1704.3251953125,1059.421875,1663.951171875,1.765137524692354,11.449951769385658,12.663208468373325,24.66399930332219,33.96875,202.11328125,234.2978515625,531.8427734375,23.3662109375,132.3564453125,151.578125,368.1162109375,2011-05-10,390.03
761,762,60.4,37.3,0.8,18.65,94425.0,-1332480.0,3577,61.95835363730366,34.62124315312653,1.9810396914347272,5,2011,137,0.40471456356112473,0.3665911745948919,11.526017975423333,-0.007615501001248859,350,16.067576592651598,-2.1249289848818407,3.619812657077299,-1.289641057705902,22.564703,130.89069,8.73151,28.502051964898758,1482.566156431686,15.2802734375,1016.4365234375,1020.6796875,281.5859375,1704.302734375,1059.4443359375,1650.51171875,1.940317948785742,12.031221455332698,13.215089294078012,28.736296138439613,31.708984375,183.84375,236.08203125,535.0263671875,21.4755859375,116.8154296875,155.72265625,351.966796875,2011-05-17,390.03
762,763,55.0769230769231,41.0,2.15384615384615,17.5384615384615,94418.0769230769,-1332499.61538462,3577,56.487147372742655,39.25270807623163,2.8279034690795157,5,2011,146,0.40471456356112473,0.3894183423086505,11.46499298200285,-0.006071225229927535,359,16.067576592651598,-2.1249289848818407,3.619812657077299,-1.289641057705902,22.564703,130.89069,8.73151,28.502051964898758,1482.566156431686,2.1201171875,669.0537109375,1357.36328125,297.7646484375,1701.330078125,1070.09765625,1647.9013671875,2.058263281616271,11.051221710504514,13.333355757390187,30.04968282018769,30.388671875,197.2138671875,218.2734375,532.177734375,20.8857421875,128.224609375,138.7216796875,349.6220703125,2011-05-26,390.03
763,764,53.95,42.6,1.95,17.5,94425.0,-1332480.0,3577,54.02622261043698,42.81503821255504,1.7083816992721295,6,2011,153,0.479425538604203,0.407009831352486,11.427950629541279,-0.004685649857218976,366,16.067576592651598,-2.1249289848818407,3.619812657077299,-1.289641057705902,22.564703,130.89069,8.73151,28.502051964898758,1482.566156431686,2.1201171875,593.0009765625,1395.4462890625,334.1669921875,1702.8974609375,1070.09765625,1647.740234375,1.7714893111834997,10.551139603464343,13.109484992120784,30.719830109204555,30.30859375,182.57421875,227.6025390625,516.1533203125,14.3984375,107.474609375,149.1103515625,336.765625,2011-06-02,390.03
764,765,53.05,43.3,2.55,16.65,94425.0,-1332480.0,3577,53.199773172758796,44.51524821926634,0.878233911837017,6,2011,154,0.479425538604203,0.40951083159183166,11.423474749131595,-0.004475880409684052,367,16.067576592651598,-2.1249289848818407,3.619812657077299,-1.289641057705902,22.564703,130.89069,8.73151,28.502051964898758,1482.566156431686,2.1201171875,565.546875,1419.9248046875,337.142578125,1702.8974609375,1070.09765625,1647.740234375,1.6507813930630477,10.571861607735771,13.066272377257082,30.698181641476783,29.4189453125,183.1640625,224.5126953125,514.802734375,14.3076171875,104.6171875,144.390625,336.9150390625,2011-06-03,390.03
765,766,51.85,43.85,3.2,16.8,94425.0,-1332480.0,3577,52.89569369662649,44.75943153852701,1.1077967836718252,6,2011,177,0.479425538604203,0.46614776418055925,11.383063750124496,0.0008338844975224191,390,16.067576592651598,-2.1249289848818407,3.619812657077299,-1.289641057705902,22.564703,130.89069,8.73151,28.502051964898758,1482.566156431686,0.0,289.396484375,1505.390625,529.947265625,1702.89453125,1070.1005859375,1638.7568359375,1.9608804973848146,10.608004578839346,11.220898166711502,27.17598138761905,33.0888671875,180.9736328125,192.162109375,492.46484375,20.41796875,92.5478515625,90.0654296875,280.6474609375,2011-06-26,390.03
766,767,50.9,44.65,3.0,16.25,94425.0,-1332480.0,3577,49.19790226443456,45.51485526856364,4.140244763571128,6,2011,178,0.479425538604203,0.46856986613713103,11.38413470086306,0.0010709507385637806,391,16.067576592651598,-2.1249289848818407,3.619812657077299,-1.289641057705902,22.564703,130.89069,8.73151,28.502051964898758,1482.566156431686,0.0,261.908203125,1514.515625,548.310546875,1702.89453125,1070.1005859375,1638.7568359375,2.399273809965261,10.817856107898361,11.222778210016028,27.172232526488884,33.4287109375,185.0732421875,194.2021484375,489.71484375,21.3984375,98.6982421875,88.5146484375,278.5,2011-06-27,390.03
767,768,46.8,46.2,6.0,16.4,94425.0,-1332525.0,3577,44.24591411207801,47.055898899854725,7.6014718313349485,7,2011,185,0.5508090958869698,0.4854250854422403,11.398180245004923,0.0026986140668299186,3,19.02666924247969,-2.1249289848818407,3.619812657077299,-1.289641057705902,22.564703,130.89069,8.73151,28.502051964898758,1482.566156431686,0.0,126.8798828125,1568.2275390625,629.626953125,1702.8935546875,1070.1015625,1638.7568359375,2.164537144871738,10.845607513267256,13.217129917863623,26.186182588916015,31.890625,191.5087890625,218.501953125,470.994140625,20.4482421875,115.9482421875,120.0966796875,250.3173828125,2011-07-04,390.03
768,769,44.05,51.85,2.95,14.05,94425.0,-1332480.0,3577,38.51063564917478,48.35861058445475,11.988561747847886,7,2011,186,0.5508090958869698,0.48781854354312465,11.401105042376106,0.0029247973711825637,4,19.02666924247969,-2.1249289848818407,3.619812657077299,-1.289641057705902,22.564703,130.89069,8.73151,28.502051964898758,1482.566156431686,0.0,118.0224609375,1572.1474609375,634.564453125,1702.8935546875,1070.1015625,1638.7568359375,1.842432107636539,11.098042711289914,13.58693308684953,25.90546026470654,31.12109375,191.900390625,220.0224609375,470.673828125,19.3583984375,118.05859375,123.15625,249.837890625,2011-07-05,390.03
769,770,25.5,47.8,25.5,13.85,94425.0,-1332480.0,3577,32.73778713546026,49.63413397747021,16.385504742932635,7,2011,202,0.5508090958869698,0.525603762643385,11.47667894179499,0.006196567270972508,20,19.02666924247969,-2.1249289848818407,3.619812657077299,-1.289641057705902,22.564703,130.89069,8.73151,28.502051964898758,1482.566156431686,0.0,15.2802734375,1401.34375,907.10546875,1703.869140625,1070.130859375,1638.7568359375,2.3060831105759103,11.2622004522605,13.976922877640757,30.776508767547277,32.7314453125,195.806640625,219.4775390625,507.265625,19.7578125,129.23828125,141.5068359375,299.0888671875,2011-07-21,390.03
770,771,25.6,51.55,21.65,14.45,94425.0,-1332480.0,3577,28.06206456082198,50.57084834669219,20.06933314363355,7,2011,209,0.5508090958869698,0.5418214675721206,11.524857848211,0.0073730541736996,27,19.02666924247969,-2.1249289848818407,3.619812657077299,-1.289641057705902,22.564703,130.89069,8.73151,28.502051964898758,1482.566156431686,0.0,2.1201171875,1340.625,980.984375,1703.869140625,1061.4716796875,1647.416015625,1.977529877721762,12.966395893898017,13.56828356283641,31.166498558338503,31.6806640625,188.9248046875,228.5380859375,506.720703125,20.1884765625,104.5478515625,148.99609375,317.439453125,2011-07-28,390.03
771,772,24.65,49.6,24.25,13.6,94425.0,-1332480.0,3577,25.379004741384847,51.028393433184576,22.252733953349818,7,2011,210,0.5508090958869698,0.5441221534109104,11.532385043086212,0.007527194875212473,28,19.02666924247969,-2.1249289848818407,3.619812657077299,-1.289641057705902,22.564703,130.89069,8.73151,28.502051964898758,1482.566156431686,0.0,2.1201171875,1340.625,980.984375,1703.869140625,1061.4716796875,1647.416015625,2.1800972127359906,12.764457959274504,14.018979376407385,31.08815539015692,32.9306640625,188.89453125,227.587890625,508.0625,19.8583984375,106.478515625,146.6455078125,320.4697265625,2011-07-29,390.03
772,773,27.35,51.2,20.1,13.55,94425.0,-1332480.0,3577,24.77069648617266,50.700689867400555,23.144200536302336,8,2011,218,0.618369803069737,0.5623791636285749,11.597734703594348,0.008635588567036834,36,19.02666924247969,-2.1249289848818407,3.619812657077299,-1.289641057705902,22.564703,130.89069,8.73151,28.502051964898758,1482.566156431686,0.1962890625,2.1201171875,1298.8349609375,1022.630859375,1704.0126953125,1061.4716796875,1647.416015625,1.923647157385919,13.201563110976394,14.833900240172968,31.95588407687709,32.228515625,194.158203125,223.1953125,511.4072265625,19.9873046875,114.75390625,127.5966796875,325.6787109375,2011-08-06,390.03
773,774,29.25,50.6,18.6,14.2,94425.0,-1332480.0,3577,27.080518088718375,50.27565035582861,21.19273373684821,8,2011,225,0.618369803069737,0.5781327361770225,11.661453817251006,0.009430743138834075,43,19.02666924247969,-2.1249289848818407,3.619812657077299,-1.289641057705902,22.564703,130.89069,8.73151,28.502051964898758,1482.566156431686,0.1962890625,0.0,1178.3837890625,1145.2021484375,1704.0126953125,1061.4716796875,1647.416015625,1.933138278777604,12.396247648894533,15.125210268362313,32.8128614394093,33.1494140625,198.6328125,226.38671875,515.125,17.7568359375,111.0517578125,134.7412109375,311.7685546875,2011-08-13,390.03
774,775,29.0,50.0714285714286,19.6428571428571,13.7142857142857,94429.2857142857,-1332462.85714286,3577,30.115413547888643,49.91537124569028,18.542988224831774,8,2011,226,0.618369803069737,0.5803660231565494,11.670985650307431,0.009531833056424688,44,19.02666924247969,-2.1249289848818407,3.619812657077299,-1.289641057705902,22.564703,130.89069,8.73151,28.502051964898758,1482.566156431686,0.1962890625,0.0,1066.9638671875,1256.6220703125,1704.0126953125,1061.4716796875,1647.416015625,2.478892586622419,12.126893385353368,15.062436454846484,33.349355796469595,34.21875,199.4833984375,225.1943359375,515.955078125,17.9873046875,108.611328125,136.05078125,310.0478515625,2011-08-14,390.03
775,776,31.2,49.25,18.15,13.55,94425.0,-1332480.0,3577,33.28062775014149,49.43468910767639,15.867481102252158,8,2011,234,0.618369803069737,0.5980740916275851,11.75053170140469,0.010237265774636128,52,19.02666924247969,-2.1249289848818407,3.619812657077299,-1.289641057705902,22.564703,130.89069,8.73151,28.502051964898758,1482.566156431686,0.1962890625,0.0,708.5771484375,1615.0087890625,1704.0126953125,1061.4716796875,1642.73828125,2.374549978551325,13.47331627254572,15.139205839612703,34.15316353575731,32.458984375,197.994140625,234.40234375,514.3896484375,15.9765625,107.7412109375,124.62890625,302.7919921875,2011-08-22,390.03
776,777,34.9,48.0,15.7,13.4,94425.0,-1332480.0,3577,33.63123136362149,48.287515144572396,16.729764592286717,8,2011,241,0.618369803069737,0.6133332651879557,11.824183522994854,0.010718181577891173,59,19.02666924247969,-2.1249289848818407,3.619812657077299,-1.289641057705902,22.564703,130.89069,8.73151,28.502051964898758,1482.566156431686,0.1962890625,0.0,597.314453125,1699.5146484375,1730.7685546875,1061.47265625,1642.73828125,2.4769273596633905,13.394622918249535,15.847866251097045,34.45846913519705,36.0888671875,196.232421875,230.453125,525.5966796875,19.7568359375,97.91015625,123.7177734375,299.82421875,2011-08-29,390.03
777,778,35.9090909090909,47.4545454545455,15.3636363636364,13.2727272727273,94430.4545454545,-1332454.09090909,3577,34.73936051282844,47.666499613523186,16.3248454753778,8,2011,242,0.618369803069737,0.6154948625975961,11.834961080425812,0.01077755743095743,60,19.02666924247969,-2.1249289848818407,3.619812657077299,-1.289641057705902,22.564703,130.89069,8.73151,28.502051964898758,1482.566156431686,0.1962890625,0.0,596.7880859375,1700.041015625,1730.7685546875,1061.47265625,1642.73828125,2.543655069973112,13.64311899118128,15.385233924826778,34.88426639236436,36.46875,200.0126953125,229.3125,525.5546875,21.5166015625,103.83984375,120.7783203125,297.703125,2011-08-30,390.03
778,779,37.55,48.15,12.95,14.15,94425.0,-1332480.0,3577,35.63982071029104,47.0109969259491,16.121411593376546,9,2011,249,0.6816387600233341,0.6304957812967532,11.91188757029123,0.011134104006590206,67,19.02666924247969,-2.1249289848818407,3.619812657077299,-1.289641057705902,22.564703,130.89069,8.73151,28.502051964898758,1482.566156431686,0.0,0.1962890625,470.9423828125,1825.8701171875,1730.7841796875,1061.4736328125,1642.73828125,2.71186778672986,15.135510406469976,16.18677406115439,35.207063862344654,36.1005859375,215.931640625,236.4814453125,529.6728515625,20.736328125,118.31640625,125.3564453125,282.4306640625,2011-09-06,390.03
779,780,33.15,45.3,20.4,10.95,94425.0,-1332480.0,3577,36.79718322768717,46.232064023782414,15.751464971839777,9,2011,250,0.6816387600233341,0.6326199676319089,11.923064629424056,0.011177059132826628,68,19.02666924247969,-2.1249289848818407,3.619812657077299,-1.289641057705902,22.564703,130.89069,8.73151,28.502051964898758,1482.566156431686,0.0,0.1962890625,463.693359375,1833.119140625,1730.76953125,1061.48828125,1642.73828125,2.352762441295569,15.188979730085494,16.5726725373455,35.48800336436463,36.3408203125,216.2529296875,241.1220703125,528.302734375,20.505859375,120.5859375,126.9765625,279.0205078125,2011-09-07,390.03
780,781,37.25,45.3,16.3,13.3,94425.0,-1332480.0,3577,37.336152251908004,45.788231357715084,15.60301225652809,9,2011,257,0.6816387600233341,0.6473554254622432,12.002351151525394,0.011426213531674279,75,19.02666924247969,-2.1249289848818407,3.619812657077299,-1.289641057705902,22.564703,130.89069,8.73151,28.502051964898758,1482.566156431686,0.0,0.1962890625,336.458984375,1959.9931640625,1729.1552734375,1063.4619140625,1642.73828125,2.730824203572482,14.610518349672095,17.541742171381063,36.92147006209742,32.810546875,201.8955078125,252.59375,535.0224609375,19.0361328125,125.1875,141.091796875,281.3681640625,2011-09-14,390.03
781,782,36.6666666666667,47.0,15.1666666666667,12.5,94420.0,-1332485.0,3577,37.60895523464622,45.647508064683905,15.507249819321812,9,2011,258,0.6816387600233341,0.649441180325217,12.01380586755136,0.01145471602596615,76,19.02666924247969,-2.1249289848818407,3.619812657077299,-1.289641057705902,22.564703,130.89069,8.73151,28.502051964898758,1482.566156431686,0.0,0.1962890625,327.453125,1968.9990234375,1729.1552734375,1063.4619140625,1642.73828125,3.060017452615363,14.805955258938347,16.92200377965332,37.38553213512948,34.6513671875,198.9052734375,252.916015625,537.0517578125,19.74609375,121.9873046875,145.28125,282.6484375,2011-09-15,390.03
782,783,42.0,45.25,11.3,13.35,94425.0,-1332480.0,3577,38.70003680529419,45.49827958418609,14.470721383877121,9,2011,265,0.6816387600233341,0.6639040987988447,12.09464333477965,0.011606443331222849,83,19.02666924247969,-2.1249289848818407,3.619812657077299,-1.289641057705902,22.564703,130.89069,8.73151,28.502051964898758,1482.566156431686,0.0,0.1962890625,310.701171875,1985.099609375,1729.806640625,1063.408203125,1642.7919921875,2.4000710306932413,14.222377132330308,17.86597271155371,38.922301989956026,36.8505859375,215.056640625,233.556640625,560.6552734375,21.7861328125,132.3955078125,141.7333984375,307.1513671875,2011-09-22,390.03
783,784,39.05,45.4,14.05,13.6,94425.0,-1332480.0,3577,40.45912638206629,44.8691312022038,13.2733355594136,9,2011,266,0.6816387600233341,0.6659504202533076,12.106264665188416,0.011621330408765118,84,19.02666924247969,-2.1249289848818407,3.619812657077299,-1.289641057705902,22.564703,130.89069,8.73151,28.502051964898758,1482.566156431686,0.0,0.1962890625,310.3720703125,1985.4287109375,1729.796875,1063.41796875,1642.7919921875,2.795076620801783,13.52502187759643,18.723553287958786,38.88964771205484,38.701171875,216.2958984375,234.0771484375,564.607421875,22.845703125,133.0458984375,142.693359375,310.48046875,2011-09-23,390.03
784,785,39.25,44.95,14.35,11.7,94425.0,-1332480.0,3577,39.442239216679624,46.95228403412984,12.186734242972008,9,2011,273,0.6816387600233341,0.6801338518023718,12.187885834168023,0.01167699603657013,91,19.02666924247969,-2.1249289848818407,3.619812657077299,-1.289641057705902,22.564703,130.89069,8.73151,28.502051964898758,1482.566156431686,0.0009765625,0.1962890625,139.205078125,2152.5107421875,1717.2529296875,1080.046875,1642.65234375,2.3289004931096837,15.735645669371385,16.320098498398213,41.04052846266812,36.7109375,224.1865234375,254.9970703125,557.5625,22.166015625,124.037109375,155.8916015625,326.197265625,2011-09-30,390.03
785,786,39.85,48.8,10.1,12.45,94425.0,-1332480.0,3577,38.79445155938979,48.7831443621797,10.992788492763035,10,2011,274,0.7401768531960371,0.6821397568546641,12.199563628655763,0.0116777944877402,92,19.02666924247969,-2.1249289848818407,3.619812657077299,-1.289641057705902,22.564703,130.89069,8.73151,28.502051964898758,1482.566156431686,0.0009765625,0.1962890625,131.9111328125,2156.0166015625,1721.041015625,1080.046875,1642.65234375,2.219002418551021,15.326713248276276,16.516993708226448,40.426340481010705,36.69140625,222.6064453125,256.9970703125,558.375,23.646484375,124.88671875,157.2021484375,328.15625,2011-10-01,390.03
786,787,43.5714285714286,46.0,9.07142857142857,11.9285714285714,94420.7142857143,-1332497.14285714,3577,39.83894025716482,48.43325078112398,10.325364347487119,10,2011,281,0.7401768531960371,0.6960368881687455,12.281169541426864,0.011629184678355386,99,19.02666924247969,-2.1249289848818407,3.619812657077299,-1.289641057705902,22.564703,130.89069,8.73151,28.502051964898758,1482.566156431686,1.576171875,0.1962890625,48.5439453125,2234.337890625,1725.888671875,1080.19921875,1642.4931640625,2.1843105809724634,14.556381794861426,17.5457156668273,40.02133040958383,36.6435546875,222.1328125,259.2978515625,562.4560546875,24.587890625,142.767578125,148.533203125,340.0771484375,2011-10-08,390.03
787,788,43.4285714285714,46.4285714285714,8.42857142857143,13.0,94412.1428571429,-1332516.42857143,3577,44.70536830002701,45.42849715180543,8.497550088237075,10,2011,290,0.7401768531960371,0.7135277699284436,12.384873096595504,0.01140846487611391,108,19.02666924247969,-2.1249289848818407,3.619812657077299,-1.289641057705902,22.564703,130.89069,8.73151,28.502051964898758,1482.566156431686,6.751953125,0.1962890625,15.2802734375,2153.1279296875,1839.912109375,1073.638671875,1643.80859375,2.0317620168738526,15.508504583285234,15.818523944187207,39.336259109871165,34.9638671875,228.8349609375,255.9873046875,592.5224609375,25.498046875,154.248046875,169.1552734375,354.4619140625,2011-10-17,390.03
788,789,43.5384615384615,46.6153846153846,8.84615384615385,11.8461538461538,94418.0769230769,-1332499.61538462,3577,51.44596873713752,40.85514485513873,6.357056875012583,11,2011,306,0.793577803248942,0.7435449152138038,12.5602693343749,0.01043411918921855,124,19.02666924247969,-2.1249289848818407,3.619812657077299,-1.289641057705902,22.564703,130.89069,8.73151,28.502051964898758,1482.566156431686,27.9521484375,1.498046875,2.1201171875,2082.6787109375,1923.3447265625,1062.7998046875,1653.251953125,2.9179191955754096,15.471556238420217,16.705461401711535,38.64810696122845,39.01171875,227.7041015625,259.9072265625,593.4736328125,24.345703125,147.078125,171.60546875,394.427734375,2011-11-02,390.03
789,790,52.3,42.6,3.7,15.3,94425.0,-1332480.0,3577,59.027379312747954,35.559920217904896,4.055860869303942,11,2011,322,0.793577803248942,0.7721335221626509,12.711736228050961,0.008426088029043655,140,19.02666924247969,-2.1249289848818407,3.619812657077299,-1.289641057705902,22.564703,130.89069,8.73151,28.502051964898758,1482.566156431686,84.0107421875,6.8759765625,0.1962890625,2052.396484375,1947.2275390625,1064.017578125,1635.5107421875,1.248083183557167,11.468536740329576,13.844367342948633,40.046406051816206,33.072265625,216.37109375,257.3046875,601.2265625,23.3056640625,148.4765625,171.521484375,392.130859375,2011-11-18,390.03
790,791,76.9,20.35,1.3,18.25,94425.0,-1332480.0,3577,65.49235340747816,30.78782329839264,2.364687562972516,3,2012,69,0.24740395925452294,0.1879171603965242,12.246495635334105,-0.01181653762209578,252,19.02666924247969,-2.1249289848818407,3.619812657077299,-1.289641057705902,22.564703,130.89069,8.73151,28.502051964898758,1482.566156431686,234.3095703125,687.716796875,312.998046875,471.138671875,2285.345703125,1460.220703125,1014.1806640625,1.1822931675513821,6.5812948826584,8.524581589719642,24.90423820290765,34.103515625,199.443359375,237.7080078125,560.5849609375,23.4951171875,146.4208984375,174.654296875,391.0986328125,2012-03-09,392.13
791,792,74.95,23.25,0.45,19.4,94425.0,-1332480.0,3577,69.40278687731805,27.922627788972747,1.342074036941662,4,2012,92,0.3271946967961522,0.24939435149663894,11.976019918164509,-0.011548837728637906,275,19.02666924247969,-2.1249289848818407,3.619812657077299,-1.289641057705902,22.564703,130.89069,8.73151,28.502051964898758,1482.566156431686,341.185546875,489.501953125,667.173828125,196.5869140625,2477.3916015625,1415.0419921875,1039.5087890625,1.8585220441653714,9.619172823308045,7.677857070881909,14.630461741774722,35.5537109375,207.5947265625,234.1484375,514.9619140625,23.5546875,144.509765625,172.3154296875,388.580078125,2012-04-01,392.13
792,793,70.5,27.6,0.6,18.6,94425.0,-1332450.0,3577,70.51637735923417,28.340809440614688,0.0,4,2012,101,0.3271946967961522,0.27319452640568975,11.873840917498978,-0.011172920766243877,284,19.02666924247969,-2.1249289848818407,3.619812657077299,-1.289641057705902,22.564703,130.89069,8.73151,28.502051964898758,1482.566156431686,221.2353515625,599.140625,673.009765625,54.564453125,2537.2861328125,1475.66015625,1036.2392578125,2.213970247102492,11.646786388113986,12.204224257445597,15.758075595888247,35.681640625,212.720703125,245.884765625,516.09375,22.791015625,136.865234375,169.546875,387.9892578125,2012-04-10,392.13
793,794,63.15,35.1,0.4,15.4,94425.0,-1332480.0,3577,68.30397364006728,29.69628701852597,0.6362650447907878,4,2012,108,0.3271946967961522,0.29159168187021955,11.797209458126886,-0.010762315799413003,291,19.02666924247969,-2.1249289848818407,3.619812657077299,-1.289641057705902,22.564703,130.89069,8.73151,28.502051964898758,1482.566156431686,94.4404296875,681.53125,712.208984375,33.37890625,2356.28125,1667.146484375,1059.021484375,2.068366653619187,11.49534502268915,13.860756635216479,23.351904944804602,35.9423828125,209.4716796875,248.40234375,548.44140625,23.03125,143.6259765625,159.65625,387.2021484375,2012-04-17,392.13
794,795,60.6,36.9,1.15,17.4,94425.0,-1332480.0,3577,63.279263151699524,34.46472505821836,0.8182497069492733,4,2012,117,0.3271946967961522,0.31508664236294787,11.703714061594304,-0.010057559396509319,300,19.02666924247969,-2.1249289848818407,3.619812657077299,-1.289641057705902,22.564703,130.89069,8.73151,28.502051964898758,1482.566156431686,84.6689453125,589.3125,866.5830078125,28.701171875,2333.294921875,1702.9716796875,1059.3427734375,1.6056540856656885,8.242940924863992,13.750694338998613,29.934368595626253,31.0615234375,205.3515625,247.494140625,563.810546875,25.111328125,147.9658203125,171.0068359375,375.85546875,2012-04-26,392.13
795,796,57.7,39.3,1.65,17.7,94425.0,-1332480.0,3577,56.41061291648684,40.34930286431231,1.8603098140247054,5,2012,133,0.40471456356112473,0.3563733969778998,11.557391083241617,-0.008211233824155784,316,19.02666924247969,-2.1249289848818407,3.619812657077299,-1.289641057705902,22.564703,130.89069,8.73151,28.502051964898758,1482.566156431686,131.107421875,475.7177734375,961.9970703125,61.69140625,2333.982421875,1704.3046875,1059.4423828125,1.7097328645994225,9.319949482322476,12.539062114239414,26.82999047746456,32.6787109375,195.603515625,234.6005859375,546.53125,23.15625,137.7861328125,152.6171875,387.3359375,2012-05-12,392.13
796,797,50.85,43.65,4.05,14.95,94425.0,-1332480.0,3577,50.82949944791291,44.85274091233173,2.9655621468310533,5,2012,149,0.40471456356112473,0.3969754679250871,11.44792347418077,-0.005495930149153949,332,19.02666924247969,-2.1249289848818407,3.619812657077299,-1.289641057705902,22.564703,130.89069,8.73151,28.502051964898758,1482.566156431686,63.38671875,431.650390625,934.5654296875,200.9296875,2324.734375,1702.8974609375,1070.09765625,2.3473218319658,10.184998817723791,12.782000984135749,27.00501321430729,30.1591796875,184.853515625,225.212890625,529.330078125,20.49609375,129.0458984375,145.4716796875,361.8818359375,2012-05-28,392.13
797,798,50.35,44.7,3.5,15.9,94425.0,-1332480.0,3577,48.06125809174627,46.10103271340972,4.521133819739956,6,2012,156,0.479425538604203,0.4145035918404523,11.415162980532246,-0.004048354145213651,339,19.02666924247969,-2.1249289848818407,3.619812657077299,-1.289641057705902,22.564703,130.89069,8.73151,28.502051964898758,1482.566156431686,37.634765625,401.7294921875,899.3359375,291.9140625,2324.734375,1702.8974609375,1070.09765625,1.988798018738598,10.155137231071095,12.532320649689591,27.247952084203625,32.0986328125,180.6640625,215.0126953125,519.9423828125,21.1982421875,126.6904296875,149.5419921875,354.736328125,2012-06-04,392.13
798,799,44.25,46.2,8.3,13.35,94425.0,-1332480.0,3577,44.84089641008475,47.47280861552598,6.446259313441015,6,2012,165,0.479425538604203,0.4368148483300047,11.388775797333219,-0.002015668078650279,348,19.02666924247969,-2.1249289848818407,3.619812657077299,-1.289641057705902,22.564703,130.89069,8.73151,28.502051964898758,1482.566156431686,0.1005859375,291.6376953125,974.1796875,364.6962890625,2324.734375,1702.8974609375,1070.09765625,1.7405288413224107,10.11971390467649,12.083178293956278,29.0448224033144,30.8994140625,179.2138671875,216.3525390625,493.9736328125,14.2275390625,85.7880859375,141.72265625,337.10546875,2012-06-13,392.13
799,800,42.55,54.8,1.6,14.25,94425.0,-1332480.0,3577,42.56822218029012,48.267649378478076,7.979804096830769,6,2012,181,0.479425538604203,0.475814996640089,11.388760910585367,0.0017765674515874963,364,19.02666924247969,-2.1249289848818407,3.619812657077299,-1.289641057705902,22.564703,130.89069,8.73151,28.502051964898758,1482.566156431686,0.08203125,131.1728515625,848.96484375,650.39453125,2324.734375,1702.8935546875,1070.1015625,1.7968160358259913,12.22746575191012,12.250831176125265,27.46356468740432,32.7685546875,178.7744140625,223.263671875,490.79296875,15.9677734375,102.427734375,123.1865234375,272.4140625,2012-06-29,392.13
800,801,38.0,46.0,15.0,18.0,94365.0,-1332525.0,3577,40.213087840945605,49.27881653949029,9.347907974377165,7,2012,188,0.5508090958869698,0.49259445697131315,11.40762503591399,0.003371018419946026,371,19.02666924247969,-2.1249289848818407,3.619812657077299,-1.289641057705902,22.564703,130.89069,8.73151,28.502051964898758,1482.566156431686,0.0,131.2080078125,823.056640625,676.349609375,2323.78125,1703.8466796875,1070.1015625,2.241983877697333,11.71337475671489,14.024281787736111,27.631217569573312,29.271484375,185.08203125,211.54296875,497.7041015625,18.8076171875,107.1875,118.3955078125,253.8779296875,2012-07-06,392.13
801,802,40.45,48.1,10.2,15.35,94425.0,-1332480.0,3577,40.32710777354137,48.71186156464067,9.786728184095143,7,2012,204,0.5508090958869698,0.530257380384088,11.489603903000686,0.0065499819705934215,387,19.02666924247969,-2.1249289848818407,3.619812657077299,-1.289641057705902,22.564703,130.89069,8.73151,28.502051964898758,1482.566156431686,0.08203125,114.2705078125,698.2587890625,818.0849609375,2323.7294921875,1703.869140625,1061.4716796875,2.4886723789727587,13.190408490571208,12.144140655736985,31.61281856262795,30.3212890625,196.8349609375,240.216796875,486.4287109375,16.498046875,119.107421875,147.1259765625,279.88671875,2012-07-22,392.13
802,803,39.8,48.9,9.95,14.4,94425.0,-1332480.0,3577,39.45696505076721,49.26561630663062,10.069816750155804,7,2012,213,0.5508090958869698,0.550999636611817,11.555856551121435,0.007968673525107661,396,19.02666924247969,-2.1249289848818407,3.619812657077299,-1.289641057705902,22.564703,130.89069,8.73151,28.502051964898758,1482.566156431686,0.08203125,63.34375,598.6005859375,968.669921875,2323.7294921875,1703.869140625,1061.4716796875,1.994829744819715,11.144450975280506,15.453418822541906,30.633344077859338,30.771484375,192.7353515625,222.736328125,516.1259765625,17.84765625,113.6787109375,120.845703125,317.107421875,2012-07-31,392.13
803,804,40.25,49.35,9.2,14.5,94425.0,-1332480.0,3577,38.16285365820399,50.434499349971695,10.130283287402516,8,2012,220,0.618369803069737,0.5669015449020084,11.615372406539022,0.008878841235102186,403,19.02666924247969,-2.1249289848818407,3.619812657077299,-1.289641057705902,22.564703,130.89069,8.73151,28.502051964898758,1482.566156431686,0.08203125,37.634765625,574.3076171875,1018.4755859375,2323.7822265625,1704.0126953125,1061.4716796875,2.3572383717192875,12.940234416607892,13.13928072010022,31.77569558684378,32.8193359375,194.076171875,223.5068359375,529.205078125,15.0673828125,95.1533203125,131.5263671875,311.4072265625,2012-08-07,392.13
804,805,38.9,51.5,8.2,13.4,94425.0,-1332480.0,3577,37.868195839242816,50.89860660494575,9.909636596632021,8,2012,236,0.618369803069737,0.6024565477924997,11.771231813047292,0.010386810047972261,419,19.02666924247969,-2.1249289848818407,3.619812657077299,-1.289641057705902,22.564703,130.89069,8.73151,28.502051964898758,1482.566156431686,0.0,0.1826171875,529.748046875,1100.5693359375,2323.7822265625,1704.0126953125,1061.4716796875,2.3803675713839323,14.536689385330856,14.550487391650634,32.4140727920982,35.728515625,205.375,218.97265625,513.7109375,15.77734375,91.9814453125,111.3583984375,273.931640625,2012-08-23,392.13
805,806,36.5714285714286,52.2857142857143,9.85714285714286,11.4285714285714,94412.1428571429,-1332516.42857143,3577,38.057437024614,51.27593153319941,9.318250359889836,9,2012,245,0.6816387600233341,0.6219518703256062,11.86762829552294,0.010942700205164968,428,19.02666924247969,-2.1249289848818407,3.619812657077299,-1.289641057705902,22.564703,130.89069,8.73151,28.502051964898758,1482.566156431686,0.0,0.08203125,447.3037109375,1183.1142578125,2297.025390625,1730.767578125,1061.4736328125,2.3057617009402263,15.140021064541727,17.032874510980847,34.005456757598935,35.4990234375,214.134765625,246.4130859375,514.6044921875,19.6171875,112.1416015625,119.1787109375,249.5732421875,2012-09-01,392.13
806,807,39.0,51.8,7.9,12.15,94425.0,-1332480.0,3577,38.220591070430565,52.54132095973416,7.909537727493201,9,2012,252,0.6816387600233341,0.6368540788786715,11.9455400692411,0.011257318784181791,435,19.02666924247969,-2.1249289848818407,3.619812657077299,-1.289641057705902,22.564703,130.89069,8.73151,28.502051964898758,1482.566156431686,0.0,0.08203125,344.923828125,1285.494140625,2296.6484375,1731.1298828125,1061.48828125,2.458189178135987,15.818459874162777,17.445782765481955,35.89984434204345,37.041015625,216.6259765625,249.6337890625,532.3740234375,19.486328125,112.8369140625,131.7587890625,258.8115234375,2012-09-08,392.13
807,808,31.3,56.9,10.55,8.65,94425.0,-1332480.0,3577,38.013862195590264,52.3787079277713,8.326280169777377,9,2012,261,0.6816387600233341,0.6556691338743984,12.048323860143563,0.011529931105860314,444,19.02666924247969,-2.1249289848818407,3.619812657077299,-1.289641057705902,22.564703,130.89069,8.73151,28.502051964898758,1482.566156431686,0.173828125,0.08203125,186.30078125,1444.1171875,2296.6484375,1729.1552734375,1063.443359375,2.733285429552952,16.77721592488013,18.090263963614728,40.2978485047064,36.05078125,219.81640625,254.0966796875,568.2392578125,18.0859375,120.1767578125,136.22265625,287.6396484375,2012-09-17,392.13
808,809,45.2222222222222,47.2222222222222,6.22222222222222,12.6666666666667,94431.6666666667,-1332448.33333333,3577,40.30771598541894,51.7539044546707,6.674954199566205,10,2012,277,0.7401768531960371,0.688126690746912,12.234582997599388,0.011668873318290807,460,19.02666924247969,-2.1249289848818407,3.619812657077299,-1.289641057705902,22.564703,130.89069,8.73151,28.502051964898758,1482.566156431686,5.509765625,0.08203125,131.2080078125,1497.908203125,2289.39453125,1721.0341796875,1080.0849609375,3.07876098505702,15.007223565994256,19.766478386636578,43.075708823617646,36.6240234375,223.1083984375,267.6357421875,584.3154296875,18.59765625,133.45703125,137.8212890625,314.6474609375,2012-10-03,392.13
809,810,44.65,48.8,5.3,12.2,94425.0,-1332480.0,3577,42.21004037241795,50.24452162903425,6.249974225979482,10,2012,293,0.7401768531960371,0.7192621817455338,12.418864296033636,0.011288545798231908,476,19.02666924247969,-2.1249289848818407,3.619812657077299,-1.289641057705902,22.564703,130.89069,8.73151,28.502051964898758,1482.566156431686,17.6376953125,0.173828125,120.4423828125,1492.1552734375,2186.5068359375,1839.912109375,1062.623046875,2.863557259840591,18.276108302578912,18.70368080154435,43.05338042091104,38.4140625,227.5146484375,264.9482421875,601.7763671875,24.5576171875,139.73828125,162.005859375,333.1923828125,2012-10-19,392.13
810,811,42.6,52.9,3.3,12.8,94425.0,-1332510.0,3577,42.760075373536466,51.850926112063874,4.325778349616711,11,2012,309,0.793577803248942,0.7490157876964552,12.59100489623804,0.010146529785579617,492,19.02666924247969,-2.1249289848818407,3.619812657077299,-1.289641057705902,22.564703,130.89069,8.73151,28.502051964898758,1482.566156431686,16.638671875,5.5244140625,37.716796875,1560.70703125,2117.052734375,1922.2236328125,1063.939453125,2.824285176041344,17.843092020784308,18.400813631745702,45.46100756030368,38.5322265625,236.0498046875,266.1474609375,607.0751953125,25.826171875,151.9052734375,166.4970703125,369.3583984375,2012-11-04,392.13
811,812,42.3,51.2,5.45,14.45,94425.0,-1332480.0,3577,44.175772403499224,51.17364263566856,3.6133079429391444,11,2012,316,0.793577803248942,0.7615837490247914,12.658855974575774,0.009320746354644527,499,19.02666924247969,-2.1249289848818407,3.619812657077299,-1.289641057705902,22.564703,130.89069,8.73151,28.502051964898758,1482.566156431686,34.240234375,17.029296875,0.1826171875,1574.162109375,2130.451171875,1927.5654296875,1061.9873046875,2.4266035367672973,15.173198261895834,20.66737719682565,45.15814039050503,36.8818359375,227.052734375,274.58203125,608.2744140625,25.2763671875,146.544921875,177.7314453125,373.849609375,2012-11-11,392.13
812,813,49.95,45.1,3.8,14.0,94425.0,-1332480.0,3577,48.05986080889225,47.07010097066424,3.6928709170352674,11,2012,325,0.793577803248942,0.7773303443774742,12.735993904533132,0.007910690397110898,508,19.02666924247969,-2.1249289848818407,3.619812657077299,-1.289641057705902,22.564703,130.89069,8.73151,28.502051964898758,1482.566156431686,47.78515625,17.8115234375,0.1826171875,1510.2236328125,2157.5,1962.263671875,1060.08203125,2.425546564449703,14.21065272269279,16.968781168894154,44.7421082953294,37.6416015625,223.9111328125,260.9638671875,619.9638671875,25.7763671875,149.935546875,172.33203125,393.1298828125,2012-11-20,392.13
813,814,53.1,42.3,3.35,15.2,94425.0,-1332480.0,3577,52.820636058301304,40.60543791116754,5.194711306833719,11,2012,332,0.793577803248942,0.7892514487478929,12.785987918938334,0.006530207256986387,515,19.02666924247969,-2.1249289848818407,3.619812657077299,-1.289641057705902,22.564703,130.89069,8.73151,28.502051964898758,1482.566156431686,76.388671875,21.390625,0.1640625,1437.2763671875,2212.9560546875,1974.30859375,1023.23046875,2.7520492384146085,14.683253522965416,16.636199287142492,43.31007583247784,38.4619140625,228.22265625,261.552734375,614.7802734375,23.505859375,155.7255859375,175.7119140625,398.96484375,2012-11-27,392.13
814,815,48.8888888888889,41.7777777777778,8.11111111111111,14.3333333333333,94418.3333333333,-1332511.66666667,3577,57.838953120450114,33.6415245012392,6.96471291730272,12,2012,341,0.8414709848078965,0.8041514523449627,12.834435545708107,0.004412274048741338,524,19.02666924247969,-2.1249289848818407,3.619812657077299,-1.289641057705902,22.564703,130.89069,8.73151,28.502051964898758,1482.566156431686,123.01171875,22.310546875,0.08203125,1338.7001953125,2269.9580078125,1968.7412109375,1037.818359375,2.38088205338184,13.357390529655962,17.123206621069954,38.71355682005225,38.478515625,225.708984375,265.1845703125,599.9306640625,25.796875,149.2705078125,177.9716796875,398.755859375,2012-12-06,392.13
815,816,65.2857142857143,30.4285714285714,2.85714285714286,18.2857142857143,94412.1428571429,-1332516.42857143,3577,64.43790659284957,26.11311559102866,7.805817784791783,12,2012,364,0.8414709848078965,0.8399875482895418,12.860148884034878,-0.0020059544141250996,547,19.02666924247969,-2.1249289848818407,3.619812657077299,-1.289641057705902,22.564703,130.89069,8.73151,28.502051964898758,1482.566156431686,205.1318359375,97.5087890625,0.3525390625,984.5654296875,2405.6923828125,1968.1826171875,1052.783203125,1.7904207255987927,9.824727535987885,13.381701814463813,37.37729010550002,36.439453125,214.8544921875,254.482421875,608.1181640625,24.6474609375,147.7314453125,177.478515625,404.609375,2012-12-29,392.13
816,817,79.05,2.5,15.35,3.6,94425.0,-1332480.0,3577,69.0418634374114,20.921079872081258,8.27714209480517,1,2013,23,0.08323691620031025,0.06297200521781117,12.732422517908146,-0.007869106855375563,572,19.02666924247969,-2.1249289848818407,3.619812657077299,-1.289641057705902,22.564703,130.89069,8.73151,28.502051964898758,1482.566156431686,187.642578125,269.326171875,21.349609375,812.611328125,2193.66015625,1889.8544921875,1392.271484375,1.3698209295970154,6.3778704550739755,10.274603566488516,28.64540926538443,35.5576171875,198.3681640625,244.8857421875,580.5576171875,26.0537109375,148.212890625,178.8271484375,403.1279296875,2013-01-23,394.88
817,818,73.35,18.3,6.85,15.3,94425.0,-1332480.0,3577,71.46985280153658,19.07541581443615,7.65647353005787,3,2013,71,0.24740395925452294,0.1932961473884556,12.222835215848228,-0.011834052020782693,620,19.02666924247969,-2.1249289848818407,3.619812657077299,-1.289641057705902,22.564703,130.89069,8.73151,28.502051964898758,1482.566156431686,153.453125,405.8271484375,160.5478515625,345.1796875,1712.1005859375,2329.8740234375,1452.224609375,1.4870630843149653,6.862201177628877,8.059233442778137,20.980483475583455,35.353515625,204.513671875,233.5986328125,547.931640625,25.2451171875,154.720703125,177.14453125,411.21875,2013-03-12,394.88
818,819,66.4210526315789,24.6315789473684,7.78947368421053,15.4736842105263,94428.1578947368,-1332482.36842105,3577,72.68492457149893,18.846718947195853,6.712388489341642,3,2013,78,0.24740395925452294,0.21207584036466856,12.139953772771975,-0.01183094871798751,627,19.02666924247969,-2.1249289848818407,3.619812657077299,-1.289641057705902,22.564703,130.89069,8.73151,28.502051964898758,1482.566156431686,146.1103515625,432.6376953125,182.744140625,213.353515625,1736.4091796875,2403.0341796875,1365.595703125,1.616445395774726,9.014727712366524,8.349264261943842,19.4804047206576,35.4443359375,213.404296875,239.8671875,540.75390625,24.5947265625,144.2392578125,179.9658203125,409.1162109375,2013-03-19,394.88
819,820,71.45,26.3,0.75,20.15,94425.0,-1332480.0,3577,71.94738799828494,21.281726444658297,5.057463650644083,4,2013,110,0.3271946967961522,0.2968286090986977,11.775891237065872,-0.01062388642941059,659,19.02666924247969,-2.1249289848818407,3.619812657077299,-1.289641057705902,22.564703,130.89069,8.73151,28.502051964898758,1482.566156431686,352.740234375,301.333984375,446.3671875,142.142578125,1521.6455078125,2320.134765625,1702.9716796875,2.250474094133348,11.508107614662586,13.004851921098627,16.480837534741518,36.1416015625,210.1630859375,243.4345703125,517.033203125,23.8505859375,137.9765625,171.0986328125,398.23046875,2013-04-20,394.88
820,821,67.8,26.4,3.95,17.35,94425.0,-1332480.0,3577,68.56802422294211,25.98563506637526,3.7809305714499004,4,2013,111,0.3271946967961522,0.29944374050084255,11.765340313905602,-0.010550923160270287,660,19.02666924247969,-2.1249289848818407,3.619812657077299,-1.289641057705902,22.564703,130.89069,8.73151,28.502051964898758,1482.566156431686,352.109375,294.0087890625,454.3232421875,138.697265625,1525.0908203125,2320.134765625,1702.9716796875,2.3703957527388013,11.748894638072269,13.478498591601634,16.202638713080383,36.7216796875,212.642578125,243.384765625,514.701171875,22.2607421875,142.1962890625,164.8681640625,399.31640625,2013-04-21,394.88
821,822,67.75,27.6,2.5,18.7,94425.0,-1332480.0,3577,66.69464909456532,30.72201130892022,0.8565292902484538,4,2013,118,0.3271946967961522,0.317685628932238,11.693748461343617,-0.0099656002506876,667,19.02666924247969,-2.1249289848818407,3.619812657077299,-1.289641057705902,22.564703,130.89069,8.73151,28.502051964898758,1482.566156431686,282.0439453125,336.80078125,477.2451171875,85.7138671875,1569.265625,2332.9794921875,1703.287109375,2.175194766372135,12.080052013536747,14.11929039081107,21.926552446736906,35.7216796875,214.0224609375,249.3642578125,526.6787109375,23.03125,138.6748046875,164.45703125,390.048828125,2013-04-28,394.88
822,823,65.6470588235294,31.5882352941176,1.23529411764706,20.0,94419.7058823529,-1332487.94117647,3577,64.96882689001504,33.27836546031659,0.0,5,2013,126,0.40471456356112473,0.33839004177513726,11.61769398543991,-0.009121004803727573,675,19.02666924247969,-2.1249289848818407,3.619812657077299,-1.289641057705902,22.564703,130.89069,8.73151,28.502051964898758,1482.566156431686,7.244140625,549.57421875,539.9873046875,60.02734375,1595.099609375,2331.8623046875,1704.3515625,2.042386793995478,13.240154504795058,14.49942872179178,30.96227085439152,35.109375,214.2998046875,249.474609375,562.1728515625,25.8056640625,141.06640625,162.876953125,377.787109375,2013-05-06,394.88
823,824,62.8,32.55,2.7,17.15,94425.0,-1332480.0,3577,61.90980945698891,33.12602318699888,2.9706557563625453,5,2013,134,0.40471456356112473,0.3589319018261088,11.549323535842133,-0.008067547399484454,683,19.02666924247969,-2.1249289848818407,3.619812657077299,-1.289641057705902,22.564703,130.89069,8.73151,28.502051964898758,1482.566156431686,5.85546875,516.240234375,538.1962890625,63.43359375,1630.513671875,2333.982421875,1704.3046875,2.1880301775055644,12.58955510192398,15.444733396318089,32.72976426020183,35.8193359375,211.8740234375,250.576171875,569.703125,24.6162109375,140.8671875,169.5166015625,372.4560546875,2013-05-14,394.88
824,825,56.75,39.75,1.5,17.75,94410.0,-1332525.0,3577,59.1468167344984,35.95660598662366,3.0197427665784056,5,2013,135,0.40471456356112473,0.36148771249771944,11.541403166164846,-0.007920369677286487,684,19.02666924247969,-2.1249289848818407,3.619812657077299,-1.289641057705902,22.564703,130.89069,8.73151,28.502051964898758,1482.566156431686,5.85546875,505.3056640625,549.130859375,63.43359375,1630.513671875,2333.982421875,1704.3046875,1.9653237852549128,12.576122793565318,15.395569871334875,33.17828686565491,34.439453125,212.39453125,250.6630859375,570.9326171875,24.3564453125,143.3271484375,170.8720703125,371.525390625,2013-05-15,394.88
825,826,60.2,35.7,2.25,17.55,94425.0,-1332480.0,3577,56.363223143534185,37.0772891894447,4.763512967684155,5,2013,143,0.40471456356112473,0.38183490972767653,11.483759067789476,-0.006616913012404524,692,19.02666924247969,-2.1249289848818407,3.619812657077299,-1.289641057705902,22.564703,130.89069,8.73151,28.502051964898758,1482.566156431686,25.3466796875,481.1103515625,564.2822265625,73.04296875,1630.513671875,2326.3017578125,1701.330078125,1.5005443411959378,10.106360494024411,14.753905875214837,34.59522831307173,34.8291015625,206.3447265625,246.984375,569.458984375,24.916015625,150.0859375,170.513671875,374.6162109375,2013-05-23,394.88
826,827,56.15,36.95,5.15,17.2,94425.0,-1332480.0,3577,54.47263954174677,37.73670064682523,6.076661953507248,5,2013,150,0.40471456356112473,0.39948857551559425,11.442625626536037,-0.005297847644733622,699,19.02666924247969,-2.1249289848818407,3.619812657077299,-1.289641057705902,22.564703,130.89069,8.73151,28.502051964898758,1482.566156431686,54.8583984375,461.98046875,530.6826171875,125.75390625,1630.5322265625,2324.734375,1702.8974609375,1.8323767758955662,10.406309628081651,11.606904835220348,34.331617696607594,32.529296875,189.474609375,241.173828125,567.6181640625,23.736328125,130.03515625,175.001953125,383.47265625,2013-05-30,394.88
827,828,38.85,39.85,20.05,17.25,94425.0,-1332480.0,3577,52.033857644351144,38.07088761265483,8.266773553798815,5,2013,151,0.40471456356112473,0.40199868450729764,11.437528906004871,-0.0050967205311653885,700,19.02666924247969,-2.1249289848818407,3.619812657077299,-1.289641057705902,22.564703,130.89069,8.73151,28.502051964898758,1482.566156431686,54.8583984375,459.6962890625,514.1181640625,144.6025390625,1630.5322265625,2324.734375,1702.8974609375,1.64951434338316,10.702802617815403,11.291816085065179,33.931964222077134,32.5986328125,186.625,241.43359375,567.525390625,21.74609375,129.78515625,173.6826171875,387.9775390625,2013-05-31,394.88
828,829,57.15,37.1,3.95,17.5,94425.0,-1332480.0,3577,49.791594844321416,37.66120444388413,10.943576854304137,6,2013,159,0.479425538604203,0.42196935074219,11.404332569636416,-0.003388715291672284,7,7.273184700698842,-2.1249289848818407,3.619812657077299,-1.289641057705902,22.564703,130.89069,8.73151,28.502051964898758,1482.566156431686,50.0810546875,425.755859375,539.97265625,157.55078125,1630.6142578125,2324.734375,1702.8974609375,1.999120849579539,10.357407457316867,11.992047039484945,29.91183838717508,33.708984375,195.783203125,222.3828125,553.2265625,23.587890625,129.119140625,150.8212890625,393.5078125,2013-06-08,394.88
829,830,57.6,36.65,4.05,18.0,94425.0,-1332480.0,3577,48.87098857252015,37.88540376941741,11.761024397200025,6,2013,166,0.479425538604203,0.43927773034583373,11.386994324748727,-0.0017814725844917945,14,7.273184700698842,-2.1249289848818407,3.619812657077299,-1.289641057705902,22.564703,130.89069,8.73151,28.502051964898758,1482.566156431686,49.7353515625,366.9638671875,581.318359375,175.3427734375,1630.6142578125,2324.734375,1702.8974609375,2.0007711140937237,11.449745650664326,12.356528306896406,27.149979551445192,33.119140625,203.0341796875,229.4921875,528.625,20.587890625,129.0283203125,152.70703125,373.8154296875,2013-06-15,394.88
830,831,40.35,36.85,21.45,18.2,94425.0,-1332480.0,3577,47.016722075845195,38.78496557621365,12.74963484062782,6,2013,167,0.479425538604203,0.44173731510172215,11.385448178468641,-0.0015461462800860915,15,7.273184700698842,-2.1249289848818407,3.619812657077299,-1.289641057705902,22.564703,130.89069,8.73151,28.502051964898758,1482.566156431686,49.7353515625,362.7802734375,579.9306640625,180.9140625,1630.6142578125,2324.734375,1702.8974609375,2.456640188134434,11.543987520068303,12.523229144633753,27.03883542208061,32.12890625,202.7744140625,229.1123046875,527.2646484375,21.7578125,127.66796875,153.197265625,369.9677734375,2013-06-16,394.88
831,832,43.1875,44.125,11.4375,18.5,94421.25,-1332491.25,3577,45.30469952468859,40.15791368074049,13.07060657548971,6,2013,174,0.479425538604203,0.4588605374704814,11.381275786420073,0.00011935787331118775,22,7.273184700698842,-2.1249289848818407,3.619812657077299,-1.289641057705902,22.564703,130.89069,8.73151,28.502051964898758,1482.566156431686,20.81640625,380.6474609375,481.138671875,290.7578125,1630.6142578125,2324.734375,1702.89453125,2.3731260221144197,14.138522912050819,14.000627708202737,28.270248481649176,31.9091796875,196.013671875,234.9033203125,514.943359375,22.3779296875,124.41796875,149.42578125,349.482421875,2013-06-23,394.88
832,833,44.05,39.65,14.7,17.75,94425.0,-1332480.0,3577,44.16128430095084,40.99737762237149,13.371820026244672,6,2013,175,0.479425538604203,0.46129308162738264,11.38163371087441,0.00035792445433813214,23,7.273184700698842,-2.1249289848818407,3.619812657077299,-1.289641057705902,22.564703,130.89069,8.73151,28.502051964898758,1482.566156431686,0.33984375,371.91796875,507.6552734375,293.447265625,1630.6142578125,2324.734375,1702.89453125,2.4181887283643806,14.2673510722172,14.472819790662296,28.027210370559573,32.71875,195.423828125,234.423828125,518.232421875,22.09765625,128.587890625,146.99609375,346.1142578125,2013-06-24,394.88
833,834,44.55,40.8,13.1,17.05,94425.0,-1332480.0,3577,42.425435959604414,42.525305808735986,13.626220611965174,7,2013,182,0.5508090958869698,0.47822292126032895,11.390770301593188,0.0020093910078209376,30,7.273184700698842,-2.1249289848818407,3.619812657077299,-1.289641057705902,22.564703,130.89069,8.73151,28.502051964898758,1482.566156431686,0.1669921875,93.0146484375,747.6640625,332.5146484375,1630.6142578125,2324.734375,1702.8935546875,2.4290903664327197,13.780505176591896,16.68553980058158,30.507983121736928,30.80859375,202.1025390625,228.142578125,530.2734375,21.9482421875,125.677734375,150.685546875,342.2890625,2013-07-01,394.88
834,835,43.7,45.9,9.2,16.4,94425.0,-1332480.0,3577,40.63436826033562,43.341261250704534,14.617033024616784,7,2013,190,0.5508090958869698,0.4973555805860436,11.415024051340652,0.0038082119245217427,38,7.273184700698842,-2.1249289848818407,3.619812657077299,-1.289641057705902,22.564703,130.89069,8.73151,28.502051964898758,1482.566156431686,0.0,59.083984375,763.279296875,350.9970703125,1630.6142578125,2323.7294921875,1703.8984375,2.1390971999414994,11.59692670589432,16.27813269101116,35.05263618321967,33.361328125,190.736328125,228.54296875,528.25390625,24.3779296875,118.677734375,146.7255859375,338.677734375,2013-07-09,394.88
835,836,36.5384615384615,43.0,18.8461538461538,24.5384615384615,94415.7692307692,-1332485.76923077,3577,42.13875841649978,43.656039956378216,12.721729273398491,7,2013,191,0.5508090958869698,0.49973055152418083,11.41904718212103,0.0040231307803786365,39,7.273184700698842,-2.1249289848818407,3.619812657077299,-1.289641057705902,22.564703,130.89069,8.73151,28.502051964898758,1482.566156431686,0.0,55.6826171875,766.6806640625,350.9970703125,1630.6142578125,2323.7294921875,1703.8974609375,2.1855082277926563,11.94256292815332,15.456642901097133,35.89548117132772,34.2412109375,195.326171875,223.4658203125,529.1240234375,23.328125,128.0380859375,140.4853515625,339.2978515625,2013-07-10,394.88
836,837,45.2,42.3,10.95,16.5,94425.0,-1332480.0,3577,43.17314047882883,43.4647575967452,11.84140039662038,7,2013,198,0.5508090958869698,0.5162493246712834,11.452996687686085,0.0054496009385633926,46,7.273184700698842,-2.1249289848818407,3.619812657077299,-1.289641057705902,22.564703,130.89069,8.73151,28.502051964898758,1482.566156431686,0.0,55.2109375,659.71484375,458.3525390625,1630.6962890625,2323.7294921875,1703.869140625,2.139023605175302,11.659670558583475,14.128071155945976,36.87930428176255,33.291015625,198.92578125,229.5673828125,518.166015625,18.3876953125,128.0595703125,151.3662109375,332.787109375,2013-07-17,394.88
837,838,42.0,45.2727272727273,11.4545454545455,15.4545454545455,94419.5454545455,-1332505.90909091,3577,42.8351168360035,43.052631185301365,12.650564857643662,7,2013,206,0.5508090958869698,0.5348950775076794,11.503215101470369,0.006889651470586955,54,7.273184700698842,-2.1249289848818407,3.619812657077299,-1.289641057705902,22.564703,130.89069,8.73151,28.502051964898758,1482.566156431686,0.0,55.025390625,619.0595703125,499.193359375,1630.6962890625,2323.7294921875,1703.869140625,2.7173507067756315,13.200279994169284,13.809107101950527,34.17816085596721,30.5712890625,199.0458984375,232.5361328125,519.6533203125,20.16796875,125.078125,143.3564453125,334.2578125,2013-07-25,394.88
838,839,44.8,43.05,10.65,15.2,94425.0,-1332480.0,3577,43.35404448194643,43.9069050777471,11.321788043029784,7,2013,207,0.5508090958869698,0.5372079123056154,11.510269379481299,0.0070542780109299486,55,7.273184700698842,-2.1249289848818407,3.619812657077299,-1.289641057705902,22.564703,130.89069,8.73151,28.502051964898758,1482.566156431686,0.0,55.025390625,618.9130859375,499.33984375,1630.6962890625,2323.7294921875,1703.869140625,2.4694869795926415,13.925002394879119,13.770946224998163,33.59399927138884,30.9814453125,196.326171875,231.9365234375,519.6953125,18.408203125,125.7978515625,141.31640625,334.48828125,2013-07-26,394.88
839,840,43.9,42.3,12.15,14.65,94425.0,-1332480.0,3577,43.22989897693944,44.85459751337213,10.506132965086998,8,2013,214,0.618369803069737,0.5532838822146887,11.56396544156021,0.008108890438775163,62,7.273184700698842,-2.1249289848818407,3.619812657077299,-1.289641057705902,22.564703,130.89069,8.73151,28.502051964898758,1482.566156431686,0.0,55.025390625,556.6298828125,561.623046875,1630.6962890625,2323.5927734375,1704.005859375,2.3978685478865485,13.618250687579991,16.39448937447176,31.908302595289875,32.2587890625,198.7177734375,227.3076171875,528.166015625,16.2373046875,115.0478515625,144.2060546875,335.3193359375,2013-08-02,394.88
840,841,42.5,46.9,9.4,14.85,94425.0,-1332480.0,3577,44.28737769731393,44.49383708044738,9.838139261200649,8,2013,215,0.618369803069737,0.5555639748167264,11.572211107004067,0.008245665443856964,63,7.273184700698842,-2.1249289848818407,3.619812657077299,-1.289641057705902,22.564703,130.89069,8.73151,28.502051964898758,1482.566156431686,0.0,54.162109375,556.818359375,562.2978515625,1630.6962890625,2323.5927734375,1704.005859375,2.3399592469612,13.895575641359379,16.455818947759283,31.816659386306938,33.1787109375,198.955078125,225.16796875,532.326171875,17.9072265625,113.38671875,142.8662109375,334.599609375,2013-08-03,394.88
841,842,45.2,44.35,9.15,14.25,94425.0,-1332480.0,3577,43.29357964016761,46.089541882259454,9.294934941218385,8,2013,230,0.618369803069737,0.5892554411139688,11.710064893927553,0.009906824107533296,78,7.273184700698842,-2.1249289848818407,3.619812657077299,-1.289641057705902,22.564703,130.89069,8.73151,28.502051964898758,1482.566156431686,0.0,37.9482421875,516.734375,618.595703125,1630.5,2323.7822265625,1704.0126953125,2.1128608960729682,13.76823164635203,17.301712607743347,37.230030205657634,34.978515625,211.763671875,231.5126953125,523.7421875,20.5068359375,110.0615234375,110.279296875,313.005859375,2013-08-18,394.88
842,843,41.2,48.45,9.1,14.15,94425.0,-1332480.0,3577,42.469009937424644,46.14537335728596,9.985452163933639,8,2013,231,0.618369803069737,0.5914667797070804,11.720058376347582,0.009993482420028954,79,7.273184700698842,-2.1249289848818407,3.619812657077299,-1.289641057705902,22.564703,130.89069,8.73151,28.502051964898758,1482.566156431686,0.0,30.2783203125,517.115234375,625.884765625,1630.5,2323.7822265625,1704.0126953125,2.054240470659969,13.458467035287155,17.35767522861672,37.537479071102474,34.46875,212.68359375,233.1123046875,522.0400390625,19.5673828125,114.521484375,110.7490234375,309.3447265625,2013-08-19,394.88
843,844,40.35,49.5,8.6,13.55,94425.0,-1332480.0,3577,42.15548507219704,47.532473099648655,8.90731018207665,8,2013,238,0.618369803069737,0.6068209156094186,11.792216100650641,0.01052644601157482,86,7.273184700698842,-2.1249289848818407,3.619812657077299,-1.289641057705902,22.564703,130.89069,8.73151,28.502051964898758,1482.566156431686,0.0,0.33984375,518.57421875,654.3642578125,1630.5,2323.7822265625,1704.0126953125,2.384761612514994,16.453572994692344,15.512707505947123,38.43933535195991,34.5185546875,217.0732421875,247.15234375,529.984375,17.716796875,119.1015625,134.0888671875,277.2275390625,2013-08-26,394.88
844,845,43.45,45.15,10.0,12.95,94425.0,-1332480.0,3577,41.24436121153771,48.78135162050842,8.598075299312406,8,2013,239,0.618369803069737,0.6089962754169406,11.802808772939885,0.010592672289243765,87,7.273184700698842,-2.1249289848818407,3.619812657077299,-1.289641057705902,22.564703,130.89069,8.73151,28.502051964898758,1482.566156431686,0.0,0.33984375,518.57421875,654.3642578125,1630.5,2297.052734375,1730.7421875,2.228399065009894,16.272058874193686,15.882600532608564,38.48434129407227,34.458984375,214.6630859375,249.412109375,531.1826171875,19.197265625,118.0712890625,135.779296875,276.31640625,2013-08-27,394.88
845,846,43.55,45.1,9.9,12.45,94425.0,-1332480.0,3577,41.068161250508055,49.199650349642994,8.290092879255727,9,2013,246,0.6816387600233341,0.6240948908825068,11.878621854031948,0.01099355850900885,94,7.273184700698842,-2.1249289848818407,3.619812657077299,-1.289641057705902,22.564703,130.89069,8.73151,28.502051964898758,1482.566156431686,0.0,0.1669921875,480.759765625,692.3515625,1630.5,2297.0087890625,1730.7841796875,2.54526791540781,15.964941240580195,18.500457939203578,37.803321353841966,35.380859375,218.8056640625,249.1220703125,549.65234375,20.486328125,120.51171875,137.2685546875,279.162109375,2013-09-03,394.88
846,847,34.9,57.55,6.15,17.25,94425.0,-1332480.0,3577,40.21824568619633,50.32682998115682,8.044505185216057,9,2013,255,0.6816387600233341,0.6431693540965963,11.979528962491102,0.01136398622936774,103,7.273184700698842,-2.1249289848818407,3.619812657077299,-1.289641057705902,22.564703,130.89069,8.73151,28.502051964898758,1482.566156431686,0.0,0.0,423.3193359375,749.958984375,1630.5,2296.6484375,1729.1552734375,2.5713903177728437,14.819189754549168,17.76656765479391,40.04553114032941,37.6611328125,209.49609375,250.740234375,570.822265625,20.9560546875,127.67578125,146.7958984375,312.33203125,2013-09-12,394.88
847,848,45.75,45.85,7.0,13.3,94425.0,-1332480.0,3577,40.52516075255408,50.370149819213495,7.831408993482128,9,2013,262,0.6816387600233341,0.6577352961024162,12.05987546002561,0.011551599882047014,110,7.273184700698842,-2.1249289848818407,3.619812657077299,-1.289641057705902,22.564703,130.89069,8.73151,28.502051964898758,1482.566156431686,23.7509765625,0.0,405.4580078125,767.646484375,1630.673828125,2296.337890625,1729.4658203125,2.0610565275435766,14.54452053441167,17.39058007232201,41.929498262514755,35.380859375,223.8056640625,247.1572265625,572.150390625,24.435546875,135.3056640625,148.6318359375,323.3486328125,2013-09-19,394.88
848,849,37.25,54.5,7.25,14.0,94410.0,-1332525.0,3577,42.105901838093686,48.78683994023822,7.881690445775956,9,2013,270,0.6816387600233341,0.6740855661712415,12.152864553502909,0.011663696277551594,118,7.273184700698842,-2.1249289848818407,3.619812657077299,-1.289641057705902,22.564703,130.89069,8.73151,28.502051964898758,1482.566156431686,23.88671875,0.0,226.76953125,946.3349609375,1630.673828125,2291.912109375,1717.2529296875,2.73575352158091,17.258286508748697,16.715040689553263,40.444747548067696,38.2314453125,228.806640625,259.5869140625,572.1767578125,21.486328125,133.7763671875,161.6806640625,335.2412109375,2013-09-27,394.88
849,850,44.25,44.5,9.85,12.55,94425.0,-1332480.0,3577,42.50547099958229,48.46217281170117,7.8108196756791894,10,2013,278,0.7401768531960371,0.6901120250244518,12.246245008084735,0.011662010485347096,126,7.273184700698842,-2.1249289848818407,3.619812657077299,-1.289641057705902,22.564703,130.89069,8.73151,28.502051964898758,1482.566156431686,24.20703125,0.0,61.40625,1106.34765625,1634.72265625,2289.39453125,1720.875,3.0928994878119473,16.265216283186128,19.573193836159536,39.438486827444414,38.994140625,226.1142578125,264.8974609375,582.7861328125,22.9580078125,134.3720703125,155.97265625,352.794921875,2013-10-05,394.88
850,851,43.3,48.55,6.9,11.95,94425.0,-1332480.0,3577,43.22339337648289,47.275860774924915,8.186527456030877,10,2013,279,0.7401768531960371,0.6920921792562543,12.257898145665783,0.011653137581047801,127,7.273184700698842,-2.1249289848818407,3.619812657077299,-1.289641057705902,22.564703,130.89069,8.73151,28.502051964898758,1482.566156431686,24.20703125,0.0,61.2509765625,1106.5029296875,1634.72265625,2284.3798828125,1725.888671875,3.270521361944766,16.90138402273014,19.537621511139434,39.5221908806404,38.8837890625,228.9677734375,263.787109375,585.81640625,22.1083984375,134.1240234375,156.0029296875,354.384765625,2013-10-06,394.88
851,852,45.0,46.0,8.0,11.0,94365.0,-1332525.0,3577,45.73988070752094,45.7362575504922,7.142284959621353,10,2013,286,0.7401768531960371,0.7058069740145997,12.339042983632998,0.011530740893071822,134,7.273184700698842,-2.1249289848818407,3.619812657077299,-1.289641057705902,22.564703,130.89069,8.73151,28.502051964898758,1482.566156431686,24.20703125,0.0,55.5908203125,1099.880859375,1642.482421875,2175.9609375,1838.4306640625,2.965278511080412,17.426831789288478,20.171905384674908,41.50934162277536,39.3740234375,233.1953125,267.8515625,599.1064453125,22.5380859375,139.8662109375,156.232421875,362.185546875,2013-10-13,394.88
852,853,49.6,40.65,8.05,11.05,94425.0,-1332480.0,3577,46.24315421419994,45.853682695007116,6.507875251682329,10,2013,294,0.7401768531960371,0.7211628737419908,12.430107096575798,0.011242800542161646,142,7.273184700698842,-2.1249289848818407,3.619812657077299,-1.289641057705902,22.564703,130.89069,8.73151,28.502051964898758,1482.566156431686,4.46875,23.88671875,55.025390625,1100.44140625,1626.98046875,2185.2314453125,1844.607421875,2.7611639118010225,16.774122555628438,20.26497983511949,44.96731890569229,38.8642578125,231.8046875,272.8291015625,606.9736328125,24.1279296875,150.2978515625,164.0146484375,357.71875,2013-10-21,394.88
853,854,43.15,50.2,4.95,11.9,94425.0,-1332480.0,3577,45.346457309453626,47.348012152958646,5.902347239962458,10,2013,295,0.7401768531960371,0.7230581526221209,12.441301133636614,0.011194037060816342,143,7.273184700698842,-2.1249289848818407,3.619812657077299,-1.289641057705902,22.564703,130.89069,8.73151,28.502051964898758,1482.566156431686,4.46875,23.88671875,55.025390625,1100.44140625,1626.9130859375,2171.3359375,1858.5703125,2.957761018770011,16.920870916589166,20.19554515386019,45.15886506450384,39.34375,232.875,272.3486328125,607.9970703125,24.91796875,148.3876953125,166.78515625,357.810546875,2013-10-22,394.88
854,855,43.45,50.45,4.8,14.0,94425.0,-1332480.0,3577,45.436038883710104,47.03916408668029,6.127539024442134,10,2013,302,0.7401768531960371,0.7361723476763936,12.518022921879654,0.010761125130857252,150,7.273184700698842,-2.1249289848818407,3.619812657077299,-1.289641057705902,22.564703,130.89069,8.73151,28.502051964898758,1482.566156431686,10.095703125,23.88671875,55.025390625,1096.8623046875,1622.63671875,2154.0673828125,1883.66015625,2.887122309937409,17.27802512171407,19.878631935359177,45.816788707224596,38.1240234375,234.68359375,272.21875,616.55859375,23.7783203125,145.876953125,173.3056640625,368.5927734375,2013-10-29,394.88
855,856,50.45,43.15,5.15,13.85,94425.0,-1332480.0,3577,44.8570027495657,47.69724285002211,6.12850245729411,11,2013,310,0.793577803248942,0.7508281857005106,12.601047038928604,0.010042142690563693,158,7.273184700698842,-2.1249289848818407,3.619812657077299,-1.289641057705902,22.564703,130.89069,8.73151,28.502051964898758,1482.566156431686,20.9404296875,24.20703125,50.0810546875,1100.88671875,1619.3583984375,2114.99609375,1925.6240234375,2.7574940036319733,17.85930067485649,20.049186165075163,45.81495319291689,38.3623046875,236.416015625,271.9775390625,622.265625,24.3056640625,144.720703125,169.015625,388.576171875,2013-11-06,394.88
856,857,47.1333333333333,47.8666666666667,3.93333333333333,13.9333333333333,94425.0,-1332465.0,3577,47.844946127137106,44.80099662978252,6.03018395433166,11,2013,311,0.793577803248942,0.7526349479176189,12.61098039455272,0.009933355624117013,159,7.273184700698842,-2.1249289848818407,3.619812657077299,-1.289641057705902,22.564703,130.89069,8.73151,28.502051964898758,1482.566156431686,20.9404296875,24.20703125,50.0810546875,1100.88671875,1607.810546875,2123.837890625,1928.330078125,3.0881366290539107,17.55078248655411,20.568247827728342,45.67805349009847,38.9619140625,235.5439453125,273.337890625,621.865234375,23.986328125,144.3486328125,170.2158203125,388.7861328125,2013-11-07,394.88
857,858,42.0,43.25,13.45,10.95,94425.0,-1332480.0,3577,50.497330533236294,42.075395656968325,6.1401037043442726,11,2013,318,0.793577803248942,0.7651233475735113,12.677082352396177,0.009042375217228837,166,7.273184700698842,-2.1249289848818407,3.619812657077299,-1.289641057705902,22.564703,130.89069,8.73151,28.502051964898758,1482.566156431686,51.109375,24.20703125,49.0361328125,1064.5048828125,1615.5283203125,2143.0498046875,1931.755859375,2.5417987865602596,16.218442691755484,20.63891911560802,46.050756163966625,38.2216796875,231.5419921875,274.505859375,622.8544921875,24.755859375,145.994140625,168.3349609375,392.216796875,2013-11-14,394.88
858,859,57.8,35.55,5.0,15.55,94425.0,-1332480.0,3577,54.47593258134239,37.7731548637065,6.456498300460183,12,2013,335,0.8414709848078965,0.7942718851028194,12.804256814695966,0.0058645928289795535,183,7.273184700698842,-2.1249289848818407,3.619812657077299,-1.289641057705902,22.564703,130.89069,8.73151,28.502051964898758,1482.566156431686,172.70703125,33.982421875,0.1669921875,1047.521484375,1546.4951171875,2200.3583984375,1956.3271484375,1.3772062683345638,6.859543804976072,12.62087769180047,43.56799522509434,34.83203125,200.1123046875,251.5244140625,616.19140625,24.4658203125,143.806640625,178.421875,391.7353515625,2013-12-01,394.88
859,860,61.45,32.95,4.15,15.35,94425.0,-1332480.0,3577,58.992552700129025,32.66431148830042,6.789451312360516,12,2013,350,0.8414709848078965,0.818562561459001,12.862221281860581,0.0019922104313785383,198,7.273184700698842,-2.1249289848818407,3.619812657077299,-1.289641057705902,22.564703,130.89069,8.73151,28.502051964898758,1482.566156431686,253.5537109375,75.31640625,0.0,1007.9169921875,1420.318359375,2288.94921875,1959.0458984375,1.7844942402266177,13.007767826084898,13.242600133495529,25.034757320014368,36.859375,223.1640625,253.0234375,560.6494140625,24.5166015625,154.7822265625,175.21875,394.328125,2013-12-16,394.88
860,861,67.45,27.7,3.25,17.95,94425.0,-1332480.0,3577,64.58388469115059,27.730421745433077,5.848907748597278,1,2014,1,0.08323691620031025,0.0027397225999562153,12.85446765754756,-0.003394190727004087,214,7.273184700698842,-2.1249289848818407,3.619812657077299,-1.289641057705902,22.564703,130.89069,8.73151,28.502051964898758,1482.566156431686,188.5166015625,209.0908203125,23.88671875,840.8720703125,1294.4306640625,2385.3544921875,1969.3505859375,1.744288770853066,8.230618328153495,11.657537711219389,32.018558587015406,36.5986328125,206.0029296875,245.2744140625,586.2548828125,24.3671875,149.251953125,177.859375,402.9208984375,2014-01-01,396.94
861,862,68.3,22.6,7.15,14.55,94425.0,-1332480.0,3577,69.36928606044025,23.659953918428585,5.0131304156659855,1,2014,2,0.08323691620031025,0.005479424635297034,12.851541612891161,-0.002926044656398119,215,7.273184700698842,-2.1249289848818407,3.619812657077299,-1.289641057705902,22.564703,130.89069,8.73151,28.502051964898758,1482.566156431686,192.9482421875,209.1005859375,23.88671875,840.845703125,1292.478515625,2380.9365234375,1956.62890625,1.9091154995492667,8.686550820226506,10.869574003714632,32.56373341540947,36.837890625,208.623046875,243.083984375,587.28515625,24.75390625,149.0419921875,176.7197265625,403.390625,2014-01-02,396.94
862,863,65.05,25.75,7.25,16.0,94425.0,-1332480.0,3577,72.91763259760504,20.855651334452695,4.201634366268175,1,2014,9,0.08323691620031025,0.024655035717071696,12.823564742820814,-0.004776913547345885,222,7.273184700698842,-2.1249289848818407,3.619812657077299,-1.289641057705902,22.564703,130.89069,8.73151,28.502051964898758,1482.566156431686,157.1884765625,273.4873046875,24.20703125,822.4482421875,1302.49609375,2310.73046875,1843.8720703125,2.0977077874019203,11.123737511207482,10.595666319775773,29.523300396899206,37.84765625,220.16796875,245.4609375,575.015625,25.9638671875,152.3037109375,173.7958984375,404.931640625,2014-01-09,396.94
863,864,78.0,17.5,2.2,17.3,94425.0,-1332480.0,3577,73.74259980313892,21.069744461298832,3.298564343491214,3,2014,73,0.24740395925452294,0.19866933079506122,12.199152431528926,-0.011843150898656063,286,7.273184700698842,-2.1249289848818407,3.619812657077299,-1.289641057705902,22.564703,130.89069,8.73151,28.502051964898758,1482.566156431686,272.5732421875,812.0517578125,297.90234375,450.37109375,1047.2958984375,1708.19140625,2334.21875,1.5794581733151778,8.03641663197595,10.163869030393492,18.78225952688217,35.013671875,204.47265625,239.8994140625,526.384765625,24.9248046875,144.30078125,173.6171875,392.8564453125,2014-03-14,396.94
864,865,76.3,18.95,2.65,18.05,94425.0,-1332480.0,3577,71.65090381158613,22.93631034361819,3.6465937610847616,3,2014,82,0.24740395925452294,0.22277251545669122,12.092730662565597,-0.011786963409258888,295,7.273184700698842,-2.1249289848818407,3.619812657077299,-1.289641057705902,22.564703,130.89069,8.73151,28.502051964898758,1482.566156431686,135.4267578125,901.615234375,344.6884765625,429.3447265625,918.642578125,1790.5751953125,2411.07421875,1.8879812661273039,10.493853857515985,9.765069763065512,22.447306398823805,36.7841796875,212.203125,241.5859375,542.275390625,26.0947265625,147.919921875,170.224609375,394.501953125,2014-03-23,396.94
865,866,75.2,23.05,0.5,19.0,94425.0,-1332480.0,3577,71.43960991377168,24.077276557684968,2.779342234331102,3,2014,90,0.24740395925452294,0.24408432170565875,11.999149671125483,-0.011611131282482035,303,7.273184700698842,-2.1249289848818407,3.619812657077299,-1.289641057705902,22.564703,130.89069,8.73151,28.502051964898758,1482.566156431686,116.5927734375,886.7763671875,393.4375,250.65625,1077.845703125,1714.8017578125,2457.0380859375,1.7045485693374394,12.02096154302745,12.548733713699272,22.602294517394405,36.2138671875,214.0341796875,249.716796875,548.962890625,25.455078125,138.0908203125,174.39453125,391.4091796875,2014-03-31,396.94
866,867,62.1538461538462,32.4615384615385,4.23076923076923,15.0,94418.0769230769,-1332499.61538462,3577,71.23551386692739,25.533685509533093,1.688636904890522,4,2014,97,0.3271946967961522,0.26263631823147177,11.91882331532403,-0.011359875707750433,310,7.273184700698842,-2.1249289848818407,3.619812657077299,-1.289641057705902,22.564703,130.89069,8.73151,28.502051964898758,1482.566156431686,77.1611328125,893.1533203125,430.373046875,85.61328125,1243.162109375,1593.2333984375,2545.8115234375,1.858965555419899,12.859902265117533,13.72551011236489,24.949676266979296,35.7021484375,221.2333984375,250.248046875,559.5107421875,24.880859375,150.9609375,163.5458984375,392.3388671875,2014-04-07,396.94
867,868,69.95,27.5,0.95,18.65,94425.0,-1332480.0,3577,70.49110702347326,27.111749051135334,0.9700250808965717,4,2014,106,0.3271946967961522,0.28634599979986336,11.818799650989765,-0.010891064522150273,319,7.273184700698842,-2.1249289848818407,3.619812657077299,-1.289641057705902,22.564703,130.89069,8.73151,28.502051964898758,1482.566156431686,106.4287109375,858.865234375,518.5244140625,81.8857421875,1245.1005859375,1518.5634765625,2356.28125,2.1096739669069198,8.77832760911481,13.389519688174708,30.585844959379887,34.822265625,205.181640625,250.3837890625,574.900390625,25.8212890625,147.3671875,176.2177734375,388.45703125,2014-04-16,396.94
868,869,69.45,27.65,1.5,21.35,94425.0,-1332480.0,3577,69.66564866425698,27.472999815136703,1.442062379154328,4,2014,113,0.3271946967961522,0.30466724073398044,11.744467662273346,-0.010397255606148903,326,7.273184700698842,-2.1249289848818407,3.619812657077299,-1.289641057705902,22.564703,130.89069,8.73151,28.502051964898758,1482.566156431686,131.4873046875,681.640625,698.626953125,83.380859375,1232.60546875,1518.4638671875,2333.294921875,1.9575291891918123,10.020479283425347,10.888001576021729,31.42663093385533,34.5615234375,206.1015625,240.00390625,575.5673828125,24.9609375,145.2265625,173.1884765625,390.2802734375,2014-04-23,396.94
869,870,69.75,25.5,2.7,19.0,94425.0,-1332480.0,3577,68.66086497450081,27.700237652317348,2.1056580238048865,5,2014,121,0.40471456356112473,0.32546820322762066,11.66443280166225,-0.00967204215880102,334,7.273184700698842,-2.1249289848818407,3.619812657077299,-1.289641057705902,22.564703,130.89069,8.73151,28.502051964898758,1482.566156431686,164.111328125,532.64453125,854.06640625,89.0078125,1181.8037109375,1569.265625,2332.9794921875,1.868691153269587,8.51784094484961,11.525047321280127,28.330389083043396,35.2021484375,202.421875,239.11328125,563.44140625,25.0107421875,148.4248046875,170.0771484375,399.3486328125,2014-05-01,396.94
870,871,76.0,22.5,0.0,20.0,94470.0,-1332435.0,3577,69.08693986412649,27.232279247302568,2.001241054729682,5,2014,122,0.40471456356112473,0.32805753461442005,11.654864667171191,-0.009568134491058089,335,7.273184700698842,-2.1249289848818407,3.619812657077299,-1.289641057705902,22.564703,130.89069,8.73151,28.502051964898758,1482.566156431686,163.958984375,517.3486328125,861.2236328125,97.298828125,1181.6787109375,1569.390625,2332.9794921875,1.8716170535902275,9.092275984170948,11.018063245560903,27.903532103965787,34.96875,204.3623046875,237.392578125,560.7421875,23.9755859375,148.814453125,169.8974609375,398.8779296875,2014-05-02,396.94
871,872,66.0,31.95,0.75,19.4,94425.0,-1332480.0,3577,68.76525804511202,27.596423640656237,1.899053470939351,5,2014,129,0.40471456356112473,0.34611282020695194,11.59106347257106,-0.008751423933976099,342,7.273184700698842,-2.1249289848818407,3.619812657077299,-1.289641057705902,22.564703,130.89069,8.73151,28.502051964898758,1482.566156431686,199.9423828125,339.2060546875,1040.541015625,95.228515625,1160.9140625,1592.9794921875,2333.982421875,2.447953844232414,9.638040994814542,10.963893037761176,25.532075661351982,34.029296875,194.6240234375,239.3310546875,547.7509765625,23.3359375,135.5263671875,172.7900390625,392.5576171875,2014-05-09,396.94
872,873,63.35,29.5,5.2,18.05,94425.0,-1332480.0,3577,67.64039489920833,28.650692805642084,1.967329883738258,5,2014,130,0.40471456356112473,0.3486819095177108,11.582441957811639,-0.008621514759420634,343,7.273184700698842,-2.1249289848818407,3.619812657077299,-1.289641057705902,22.564703,130.89069,8.73151,28.502051964898758,1482.566156431686,184.0087890625,341.0625,1054.6181640625,95.228515625,1159.591796875,1594.3017578125,2333.982421875,2.0556172312731733,10.157909096751734,11.361041276064281,26.055474353087753,34.62890625,193.6845703125,240.91796875,549.130859375,21.3056640625,135.3466796875,171.875,392.466796875,2014-05-10,396.94
873,874,67.65,27.3,3.1,19.2,94425.0,-1332480.0,3577,65.64756652015734,30.05789798436408,2.507405442853984,5,2014,137,0.40471456356112473,0.3665911745948919,11.526017975423333,-0.007615501001248859,350,7.273184700698842,-2.1249289848818407,3.619812657077299,-1.289641057705902,22.564703,130.89069,8.73151,28.502051964898758,1482.566156431686,140.6982421875,376.15234375,1058.5947265625,125.1015625,1123.7255859375,1630.513671875,2333.982421875,1.7347674197261274,11.626222257908507,12.213526328024907,25.711282215284776,33.7490234375,206.8740234375,228.3134765625,546.6748046875,23.8056640625,138.275390625,156.65234375,391.00390625,2014-05-17,396.94
874,875,63.2,34.2,0.8,18.0,94425.0,-1332525.0,3577,65.10770205026199,30.8782220875054,2.2017666543979044,5,2014,138,0.40471456356112473,0.3691387877133873,11.518560174004945,-0.007457801418388144,351,7.273184700698842,-2.1249289848818407,3.619812657077299,-1.289641057705902,22.564703,130.89069,8.73151,28.502051964898758,1482.566156431686,140.8564453125,374.9521484375,1048.6796875,135.517578125,1124.4248046875,1630.513671875,2332.6865234375,1.8678319387448763,11.395756768836861,12.591354079648292,25.49744718279169,34.228515625,206.404296875,228.0830078125,546.1416015625,24.755859375,140.365234375,154.921875,389.6494140625,2014-05-18,396.94
875,876,65.15,32.75,0.55,19.25,94425.0,-1332480.0,3577,64.2516389183476,31.99775704171511,1.9615687717851975,5,2014,145,0.40471456356112473,0.38689342918209935,11.471064207232777,-0.0062564754924085975,358,7.273184700698842,-2.1249289848818407,3.619812657077299,-1.289641057705902,22.564703,130.89069,8.73151,28.502051964898758,1482.566156431686,95.9736328125,267.92578125,1151.0556640625,136.3544921875,1173.12109375,1630.513671875,2326.3017578125,2.298762067202466,11.342839497059252,13.263588707581738,27.070738016879076,34.6494140625,202.46484375,240.6328125,536.83203125,21.99609375,141.21484375,165.12109375,374.673828125,2014-05-25,396.94
876,877,64.95,29.8,3.3,18.05,94425.0,-1332480.0,3577,62.55126689614919,33.04461776612985,2.6183171317842326,5,2014,146,0.40471456356112473,0.3894183423086505,11.46499298200285,-0.006071225229927535,359,7.273184700698842,-2.1249289848818407,3.619812657077299,-1.289641057705902,22.564703,130.89069,8.73151,28.502051964898758,1482.566156431686,95.9736328125,267.92578125,1114.0439453125,173.3662109375,1173.1025390625,1630.5322265625,2324.734375,2.056516681727203,11.818565500765278,13.339608006197466,27.286817277767675,34.87890625,203.205078125,240.0634765625,537.9287109375,21.2861328125,138.7353515625,166.650390625,373.189453125,2014-05-26,396.94
877,878,61.85,32.45,3.85,17.75,94425.0,-1332480.0,3577,62.044163112420094,33.68458615687214,2.604459936348092,6,2014,153,0.479425538604203,0.407009831352486,11.427950629541279,-0.004685649857218976,366,7.273184700698842,-2.1249289848818407,3.619812657077299,-1.289641057705902,22.564703,130.89069,8.73151,28.502051964898758,1482.566156431686,66.1650390625,280.7041015625,1071.021484375,233.24609375,1173.19921875,1630.6083984375,2324.734375,1.9892784295000432,12.316773247669513,13.87508218249248,29.265384007900856,34.208984375,205.1435546875,238.083984375,537.07421875,23.568359375,141.486328125,160.021484375,367.96484375,2014-06-02,396.94
878,879,60.8,36.05,1.75,17.7,94425.0,-1332480.0,3577,59.957865509094944,35.629147632547884,2.8678787157111048,6,2014,154,0.479425538604203,0.40951083159183166,11.423474749131595,-0.004475880409684052,367,7.273184700698842,-2.1249289848818407,3.619812657077299,-1.289641057705902,22.564703,130.89069,8.73151,28.502051964898758,1482.566156431686,66.1650390625,280.7041015625,1068.056640625,236.2109375,1173.193359375,1630.6142578125,2324.734375,1.889364075047759,12.096430771614495,14.180185087571743,29.582496851202265,33.7392578125,204.4033203125,239.583984375,536.07421875,23.6884765625,140.21875,161.5517578125,367.82421875,2014-06-03,396.94
879,880,55.6,39.7,3.3,18.2,94425.0,-1332480.0,3577,58.28926620334418,36.046847734303654,4.084198618718132,6,2014,161,0.479425538604203,0.4269307177680907,11.39823004393111,-0.0029381122377216684,374,7.273184700698842,-2.1249289848818407,3.619812657077299,-1.289641057705902,22.564703,130.89069,8.73151,28.502051964898758,1482.566156431686,26.1328125,248.9931640625,1078.1494140625,297.6943359375,1173.3603515625,1630.6142578125,2324.734375,2.345775033037671,12.512927711054443,13.985794846662253,31.171327859125718,30.859375,200.57421875,238.142578125,547.5751953125,21.1484375,142.3388671875,163.9072265625,374.4541015625,2014-06-10,396.94
880,881,55.75,36.8,5.75,16.6,94425.0,-1332480.0,3577,57.68735737945402,36.824808937187335,3.8839496416889983,6,2014,162,0.479425538604203,0.4294066037120293,11.395520097915847,-0.002709946015261977,375,7.273184700698842,-2.1249289848818407,3.619812657077299,-1.289641057705902,22.564703,130.89069,8.73151,28.502051964898758,1482.566156431686,26.1328125,248.2041015625,1078.73046875,297.90234375,1173.3603515625,1630.6142578125,2324.734375,1.8195935126568803,13.044000717951569,13.730865344128453,31.493942622919356,30.8193359375,197.8046875,237.962890625,546.9052734375,17.587890625,141.1494140625,161.9794921875,375.7734375,2014-06-11,396.94
881,882,55.9,37.2,5.35,17.05,94425.0,-1332480.0,3577,55.951857585130945,38.42914655003864,4.032562947887423,6,2014,169,0.479425538604203,0.44664651901106794,11.383065601040142,-0.0010727313566292196,382,7.273184700698842,-2.1249289848818407,3.619812657077299,-1.289641057705902,22.564703,130.89069,8.73151,28.502051964898758,1482.566156431686,0.0,245.353515625,1058.8642578125,346.751953125,1173.3603515625,1630.6142578125,2324.734375,2.2072482771922877,11.532897037976499,14.863594230608449,31.885199960850343,31.2490234375,186.1748046875,228.6240234375,544.8046875,19.4384765625,117.2275390625,158.7373046875,371.1025390625,2014-06-18,396.94
882,883,60.3333333333333,37.0,1.0,18.3333333333333,94455.0,-1332435.0,3577,54.420681691880986,39.622565978906806,4.39356123752343,6,2014,177,0.479425538604203,0.46614776418055925,11.383063750124496,0.0008338844975224191,390,7.273184700698842,-2.1249289848818407,3.619812657077299,-1.289641057705902,22.564703,130.89069,8.73151,28.502051964898758,1482.566156431686,0.4560546875,230.51953125,1015.6220703125,404.828125,1173.3603515625,1630.6142578125,2324.734375,1.7559553379602728,11.969665527434373,13.719976948715713,32.53763865983965,30.6591796875,193.6640625,218.7529296875,531.294921875,14.6484375,122.7265625,140.166015625,363.25,2014-06-26,396.94
883,884,51.25,40.8,6.3,16.4,94425.0,-1332480.0,3577,53.32659399423308,39.69170798241413,5.3462556019823575,6,2014,178,0.479425538604203,0.46856986613713103,11.38413470086306,0.0010709507385637806,391,7.273184700698842,-2.1249289848818407,3.619812657077299,-1.289641057705902,22.564703,130.89069,8.73151,28.502051964898758,1482.566156431686,0.4560546875,230.51953125,1015.5546875,404.8955078125,1173.3603515625,1630.6142578125,2324.734375,1.8624634394750808,12.14034347409713,13.534210923211617,32.23905054796692,30.8193359375,192.244140625,218.3330078125,529.9853515625,17.837890625,113.8974609375,146.9951171875,355.6328125,2014-06-27,396.94
884,885,52.2,40.05,6.0,15.9,94425.0,-1332480.0,3577,52.11982073653121,40.373568382076286,5.8667182662529935,7,2014,185,0.5508090958869698,0.4854250854422403,11.398180245004923,0.0026986140668299186,398,7.273184700698842,-2.1249289848818407,3.619812657077299,-1.289641057705902,22.564703,130.89069,8.73151,28.502051964898758,1482.566156431686,0.4560546875,226.0751953125,998.958984375,425.935546875,1173.3603515625,1630.6142578125,2324.734375,1.4869325814500012,11.286058431478983,14.00280691357221,32.04239612705008,30.810546875,183.7578125,223.0634765625,510.35546875,18.41796875,104.9482421875,131.7353515625,340.6484375,2014-07-04,396.94
885,886,49.55,44.9,4.2,15.55,94425.0,-1332480.0,3577,50.836594571571496,41.7721275628334,5.81244452142198,7,2014,186,0.5508090958869698,0.48781854354312465,11.401105042376106,0.0029247973711825637,399,7.273184700698842,-2.1249289848818407,3.619812657077299,-1.289641057705902,22.564703,130.89069,8.73151,28.502051964898758,1482.566156431686,0.4560546875,226.0751953125,972.224609375,452.669921875,1173.3603515625,1630.6142578125,2324.734375,1.7332156858105838,11.016465991928968,14.078034383138492,31.783551006540925,31.4306640625,183.2197265625,221.2734375,509.5654296875,19.1376953125,104.7783203125,127.6455078125,339.677734375,2014-07-05,396.94
886,887,47.1,41.2,10.2,20.75,94425.0,-1332480.0,3577,50.05789257181698,42.20540604905299,6.157811383661856,7,2014,193,0.5508090958869698,0.5044692225283575,11.427727711835335,0.0044450768449717515,406,7.273184700698842,-2.1249289848818407,3.619812657077299,-1.289641057705902,22.564703,130.89069,8.73151,28.502051964898758,1482.566156431686,0.4560546875,167.8193359375,999.7294921875,483.4208984375,1173.2783203125,1630.6962890625,2323.7294921875,1.97189869192057,11.753686751568079,12.749681677739552,31.064586274585455,31.271484375,191.9462890625,214.650390625,505.244140625,17.9580078125,106.248046875,123.916015625,313.966796875,2014-07-12,396.94
887,888,52.3,41.45,4.55,15.45,94425.0,-1332480.0,3577,49.71247158413598,42.49793673817806,6.25224079326153,7,2014,194,0.5508090958869698,0.5068328870254867,11.432379619172275,0.004651907336940653,407,7.273184700698842,-2.1249289848818407,3.619812657077299,-1.289641057705902,22.564703,130.89069,8.73151,28.502051964898758,1482.566156431686,0.4560546875,141.296875,1001.447265625,508.2255859375,1173.2783203125,1630.6962890625,2323.7294921875,1.9308846979141845,11.84916481589543,12.817132352686116,31.1025128104305,31.9814453125,191.1767578125,213.9423828125,505.494140625,18.4677734375,104.84765625,125.3662109375,315.2265625,2014-07-13,396.94
888,889,52.55,40.5,5.35,15.85,94425.0,-1332480.0,3577,50.664006942482345,42.2444694624198,5.593769079217159,7,2014,201,0.5508090958869698,0.5232710271860929,11.470482374524018,0.006014780322585622,414,7.273184700698842,-2.1249289848818407,3.619812657077299,-1.289641057705902,22.564703,130.89069,8.73151,28.502051964898758,1482.566156431686,0.00390625,114.51171875,813.103515625,723.806640625,1173.2783203125,1630.6962890625,2323.7294921875,2.175759599682761,11.960794111963189,13.780049513809614,30.385434239904995,31.37109375,195.4765625,223.158203125,501.103515625,18.767578125,121.0380859375,123.3154296875,293.59765625,2014-07-20,396.94
889,890,49.5,45.5,3.65,15.5,94425.0,-1332480.0,3577,51.31691744786953,42.59623178678271,4.619927904911735,7,2014,202,0.5508090958869698,0.525603762643385,11.47667894179499,0.006196567270972508,415,7.273184700698842,-2.1249289848818407,3.619812657077299,-1.289641057705902,22.564703,130.89069,8.73151,28.502051964898758,1482.566156431686,0.0,111.3154296875,813.1279296875,726.982421875,1173.2783203125,1630.6962890625,2323.7294921875,2.1784277135738637,12.119911130447965,13.652453575782939,30.84837520769592,32.630859375,194.306640625,223.828125,499.8359375,17.517578125,118.9580078125,126.3447265625,288.73828125,2014-07-21,396.94
890,891,51.05,42.15,5.3,14.7,94425.0,-1332480.0,3577,50.98814544587776,42.847250427584584,4.720902162851922,7,2014,210,0.5508090958869698,0.5441221534109104,11.532385043086212,0.007527194875212473,423,7.273184700698842,-2.1249289848818407,3.619812657077299,-1.289641057705902,22.564703,130.89069,8.73151,28.502051964898758,1482.566156431686,0.0,66.62109375,736.7158203125,848.0888671875,1173.2783203125,1630.6962890625,2323.7294921875,2.223760734892529,12.216418053144242,14.612406530815559,30.477867274212713,33.3310546875,197.27734375,227.578125,501.8623046875,21.078125,113.818359375,132.9560546875,290.20703125,2014-07-29,396.94
891,892,51.75,41.6,5.25,14.95,94425.0,-1332480.0,3577,50.76049708804368,43.11001645412766,4.681515079347197,8,2014,217,0.618369803069737,0.5601116325912429,11.589099115027311,0.008508986217339753,430,7.273184700698842,-2.1249289848818407,3.619812657077299,-1.289641057705902,22.564703,130.89069,8.73151,28.502051964898758,1482.566156431686,0.0,26.5888671875,568.634765625,1056.2021484375,1173.2783203125,1630.5,2323.7822265625,2.3369668697050616,12.87510473122586,14.440178788036771,32.27314145234216,32.8486328125,203.83984375,230.6083984375,515.498046875,19.4072265625,120.6953125,134.896484375,297.796875,2014-08-05,396.94
892,893,47.4,47.95,3.45,14.8,94425.0,-1332480.0,3577,49.276420792822094,44.601137716765734,4.717232457943828,8,2014,218,0.618369803069737,0.5623791636285749,11.597734703594348,0.008635588567036834,431,7.273184700698842,-2.1249289848818407,3.619812657077299,-1.289641057705902,22.564703,130.89069,8.73151,28.502051964898758,1482.566156431686,0.0,26.5888671875,552.201171875,1072.6357421875,1173.2783203125,1630.5,2323.7822265625,2.799840214038865,13.115766776509442,14.46646335179108,32.19892319378467,31.048828125,203.087890625,231.8583984375,515.9775390625,19.7470703125,120.384765625,137.5859375,297.0068359375,2014-08-06,396.94
893,894,49.5,43.3,5.55,13.85,94425.0,-1332480.0,3577,46.932003832074216,46.53968477342394,5.167937712441583,8,2014,233,0.618369803069737,0.5958761215123557,11.740294435630053,0.010158651597647506,446,7.273184700698842,-2.1249289848818407,3.619812657077299,-1.289641057705902,22.564703,130.89069,8.73151,28.502051964898758,1482.566156431686,0.0,0.4560546875,365.3017578125,1285.66796875,1173.2783203125,1630.5,2323.7822265625,2.3743721974715415,15.611694440895782,16.86837805497958,35.20554501974979,33.2392578125,191.0439453125,234.3427734375,531.9345703125,13.9072265625,97.6220703125,136.328125,314.2734375,2014-08-21,396.94
894,895,43.5,48.9,6.3,13.3,94425.0,-1332510.0,3577,44.6532597292874,47.47749109881809,6.483481407417955,8,2014,241,0.618369803069737,0.6133332651879557,11.824183522994854,0.010718181577891173,454,7.273184700698842,-2.1249289848818407,3.619812657077299,-1.289641057705902,22.564703,130.89069,8.73151,28.502051964898758,1482.566156431686,0.0,0.4560546875,346.869140625,1304.1005859375,1173.2783203125,1630.5,2297.025390625,2.9092091606525736,15.307492818191326,17.61563332296236,38.369446919035425,33.8486328125,201.4345703125,224.353515625,534.3271484375,17.45703125,91.2822265625,106.189453125,315.6142578125,2014-08-29,396.94
895,896,47.05,46.75,4.75,12.9,94425.0,-1332480.0,3577,44.79758152766912,49.66987555084195,4.170135500580976,8,2014,242,0.618369803069737,0.6154948625975961,11.834961080425812,0.01077755743095743,455,7.273184700698842,-2.1249289848818407,3.619812657077299,-1.289641057705902,22.564703,130.89069,8.73151,28.502051964898758,1482.566156431686,0.0,0.4560546875,346.869140625,1304.1005859375,1173.2783203125,1630.5,2297.025390625,2.9082708247790365,15.792288247920325,17.499316465744208,38.859848383354375,34.21875,203.173828125,224.173828125,532.7548828125,15.8173828125,96.251953125,102.83984375,312.3134765625,2014-08-30,396.94
896,897,40.85,54.3,3.55,12.0,94425.0,-1332480.0,3577,44.671356373706864,51.87020709377097,2.1246869581302077,9,2014,249,0.6816387600233341,0.6304957812967532,11.91188757029123,0.011134104006590206,462,7.273184700698842,-2.1249289848818407,3.619812657077299,-1.289641057705902,22.564703,130.89069,8.73151,28.502051964898758,1482.566156431686,0.0,0.4560546875,284.939453125,1366.0302734375,1173.2783203125,1630.5,2297.0087890625,2.7124970235923005,15.857872990742502,18.700559072699363,39.74043256562982,36.111328125,211.3916015625,237.392578125,523.064453125,15.255859375,88.95703125,112.0693359375,274.6318359375,2014-09-06,396.94
897,898,41.0909090909091,53.9090909090909,3.81818181818182,12.1818181818182,94419.5454545455,-1332505.90909091,3577,44.52325558623093,52.47428982499969,1.671943979184089,9,2014,250,0.6816387600233341,0.6326199676319089,11.923064629424056,0.011177059132826628,463,7.273184700698842,-2.1249289848818407,3.619812657077299,-1.289641057705902,22.564703,130.89069,8.73151,28.502051964898758,1482.566156431686,0.0,0.4560546875,280.802734375,1370.1669921875,1173.2783203125,1630.5,2297.0087890625,2.2922649971903373,15.91129617993672,18.72425876449314,40.030200070506844,35.140625,212.8837890625,238.8427734375,521.3544921875,14.3359375,90.2861328125,113.5693359375,265.361328125,2014-09-07,396.94
898,899,43.85,50.7,4.1,12.0,94425.0,-1332480.0,3577,42.72454598595249,51.91173970976179,4.030369588193362,9,2014,258,0.6816387600233341,0.649441180325217,12.01380586755136,0.01145471602596615,471,7.273184700698842,-2.1249289848818407,3.619812657077299,-1.289641057705902,22.564703,130.89069,8.73151,28.502051964898758,1482.566156431686,0.0,0.4560546875,245.353515625,1405.6162109375,1173.1044921875,1630.673828125,2296.6484375,2.856862261298936,16.78698196006028,18.408216665544124,41.36689064055815,37.361328125,225.2158203125,250.1962890625,530.8447265625,19.40625,114.3349609375,108.451171875,242.5830078125,2014-09-15,396.94
899,900,45.85,48.0,4.55,11.75,94425.0,-1332480.0,3577,39.368930766666224,50.42585099954175,8.810403746266491,9,2014,265,0.6816387600233341,0.6639040987988447,12.09464333477965,0.011606443331222849,478,7.273184700698842,-2.1249289848818407,3.619812657077299,-1.289641057705902,22.564703,130.89069,8.73151,28.502051964898758,1482.566156431686,0.0,0.0,233.310546875,1394.228515625,1196.9912109375,1630.673828125,2295.9970703125,2.7612253048853055,17.465064329859064,19.643844221359217,42.27579084035807,38.220703125,226.7353515625,262.5771484375,556.8671875,17.0859375,113.4345703125,133.7412109375,248.1943359375,2014-09-22,396.94
900,901,42.625,54.5,1.625,12.25,94436.25,-1332446.25,3577,36.381002806644716,47.609578825333045,14.513987047287722,9,2014,266,0.6816387600233341,0.6659504202533076,12.106264665188416,0.011621330408765118,479,7.273184700698842,-2.1249289848818407,3.619812657077299,-1.289641057705902,22.564703,130.89069,8.73151,28.502051964898758,1482.566156431686,0.0,0.0,231.0029296875,1396.5361328125,1196.9912109375,1630.673828125,2291.912109375,2.6455239763755865,17.644435171492187,19.488759442738434,42.377355939626725,36.8505859375,228.4951171875,261.9775390625,560.7587890625,21.1064453125,111.044921875,135.1611328125,253.8232421875,2014-09-23,396.94
901,902,22.8,40.75,34.85,14.4,94425.0,-1332480.0,3577,32.00104624477212,45.488402000469506,21.0178262140305,10,2014,274,0.7401768531960371,0.6821397568546641,12.199563628655763,0.0116777944877402,487,7.273184700698842,-2.1249289848818407,3.619812657077299,-1.289641057705902,22.564703,130.89069,8.73151,28.502051964898758,1482.566156431686,0.0,0.0,226.53125,1401.0078125,1194.220703125,1632.142578125,2289.404296875,2.7086046134432618,17.369685917481448,20.13942275437217,43.329033640824775,36.9609375,227.525390625,265.0654296875,586.4755859375,22.8056640625,129.06640625,134.171875,282.3935546875,2014-10-01,396.94
902,903,26.95,42.45,29.05,12.2,94425.0,-1332480.0,3577,29.699909069254478,42.64368680854112,26.11835610209833,10,2014,281,0.7401768531960371,0.6960368881687455,12.281169541426864,0.011629184678355386,494,7.273184700698842,-2.1249289848818407,3.619812657077299,-1.289641057705902,22.564703,130.89069,8.73151,28.502051964898758,1482.566156431686,0.8369140625,0.0,208.7890625,1418.4296875,1191.9609375,1630.3681640625,2286.615234375,3.206856810367248,17.262739725962696,20.07829053092471,45.06023972965283,39.173828125,228.8427734375,264.486328125,601.3447265625,23.677734375,124.7177734375,151.8720703125,308.1142578125,2014-10-08,396.94
903,904,26.35,41.6,30.4,12.35,94425.0,-1332480.0,3577,28.31138853406232,42.0179967091669,28.14266221394284,10,2014,290,0.7401768531960371,0.7135277699284436,12.384873096595504,0.01140846487611391,503,7.273184700698842,-2.1249289848818407,3.619812657077299,-1.289641057705902,22.564703,130.89069,8.73151,28.502051964898758,1482.566156431686,0.8369140625,0.0,122.1904296875,1502.9404296875,1181.76171875,1641.5595703125,2175.3564453125,3.6482987491134082,16.44514992018432,20.338000013383184,45.893430044331325,38.6943359375,229.533203125,270.556640625,604.69921875,23.0380859375,138.728515625,150.625,327.41015625,2014-10-17,396.94
904,905,31.85,43.0,23.65,12.25,94425.0,-1332480.0,3577,27.91056763153869,42.684677448448156,27.89285562218582,10,2014,297,0.7401768531960371,0.7268324141695728,12.463530433230412,0.011087126162824035,510,7.273184700698842,-2.1249289848818407,3.619812657077299,-1.289641057705902,22.564703,130.89069,8.73151,28.502051964898758,1482.566156431686,0.8369140625,0.0,96.4296875,1526.640625,1183.7333984375,1624.56640625,2172.9833984375,3.2610471569408315,20.302951875952836,20.09344866929773,46.09200730334234,38.8740234375,231.82421875,268.2275390625,610.1904296875,21.908203125,131.267578125,161.7666015625,343.86328125,2014-10-24,396.94
905,906,32.5,44.65,21.55,13.25,94425.0,-1332480.0,3577,30.00952782167503,44.12230605651,24.276438052827615,11,2014,305,0.793577803248942,0.7417101105237511,12.54983521518568,0.010521743091885583,518,7.273184700698842,-2.1249289848818407,3.619812657077299,-1.289641057705902,22.564703,130.89069,8.73151,28.502051964898758,1482.566156431686,0.8369140625,0.0,26.5888671875,1590.8544921875,1185.09765625,1623.4091796875,2114.2490234375,2.78575038834654,18.900658634630453,22.68696113004765,47.095546000715345,38.5341796875,233.8837890625,270.208984375,615.4716796875,21.4482421875,130.6376953125,156.1357421875,352.7275390625,2014-11-01,396.94
906,907,31.75,43.3,23.35,12.5,94425.0,-1332480.0,3577,32.2898323554622,45.45873440284525,20.632001486642373,11,2014,306,0.793577803248942,0.7435449152138038,12.5602693343749,0.01043411918921855,519,7.273184700698842,-2.1249289848818407,3.619812657077299,-1.289641057705902,22.564703,130.89069,8.73151,28.502051964898758,1482.566156431686,0.8369140625,0.0,26.5888671875,1590.8544921875,1185.09765625,1623.4091796875,2114.2490234375,3.0112246579725612,18.65490493222475,22.443261978138697,47.609376048939545,39.1220703125,234.814453125,269.298828125,616.2314453125,22.416015625,129.408203125,159.185546875,351.4072265625,2014-11-02,396.94
907,908,39.25,44.55,14.45,12.95,94425.0,-1332480.0,3577,34.40927800269391,45.79352948392511,18.329765564669948,11,2014,313,0.793577803248942,0.7562315107864898,12.630502750385185,0.009702266667121151,526,7.273184700698842,-2.1249289848818407,3.619812657077299,-1.289641057705902,22.564703,130.89069,8.73151,28.502051964898758,1482.566156431686,81.623046875,0.8369140625,26.5888671875,1579.689453125,1193.390625,1602.724609375,2127.119140625,2.6525139417827805,15.214848448685931,21.66612959019731,49.71463801369506,38.0322265625,228.30078125,273.9365234375,614.9736328125,24.7060546875,142.2265625,151.82421875,359.9677734375,2014-11-09,396.94
908,909,34.75,48.45,15.35,11.95,94425.0,-1332480.0,3577,40.04752179364584,43.07624669791208,15.431052710616964,11,2014,314,0.793577803248942,0.7580212844421134,12.640082565032186,0.009579814647000973,527,7.273184700698842,-2.1249289848818407,3.619812657077299,-1.289641057705902,22.564703,130.89069,8.73151,28.502051964898758,1482.566156431686,81.623046875,0.8369140625,26.5888671875,1579.689453125,1167.2216796875,1628.7578125,2127.2421875,2.812609484667373,14.600230349681675,21.943087195093927,50.023755576605076,38.3115234375,225.7509765625,276.4248046875,615.173828125,23.8359375,143.6962890625,153.3125,359.0478515625,2014-11-10,396.94
909,910,40.55,39.8,18.1,12.4,94425.0,-1332480.0,3577,46.7949574320188,38.48952739726158,13.320884779265734,11,2014,322,0.793577803248942,0.7721335221626509,12.711736228050961,0.008426088029043655,535,7.273184700698842,-2.1249289848818407,3.619812657077299,-1.289641057705902,22.564703,130.89069,8.73151,28.502051964898758,1482.566156431686,82.529296875,0.8369140625,0.4560546875,1575.603515625,1185.2470703125,1575.609375,2170.880859375,2.7359581965145137,15.311750901392351,16.6622938464189,50.715507756426916,38.9423828125,226.6923828125,261.4423828125,624.259765625,23.4462890625,149.705078125,166.2119140625,359.1220703125,2014-11-18,396.94
910,911,54.8,30.6,13.3,13.85,94425.0,-1332480.0,3577,54.18931750553948,31.84605564713447,12.52611315809509,12,2014,353,0.8414709848078965,0.823256098292939,12.866502435048298,0.0011429305510830545,566,7.273184700698842,-2.1249289848818407,3.619812657077299,-1.289641057705902,22.564703,130.89069,8.73151,28.502051964898758,1482.566156431686,137.9921875,83.3662109375,0.0,1314.091796875,1327.6943359375,1378.3017578125,2311.4482421875,1.8187843139402673,11.746845304794292,12.293720421720847,35.70797343637217,36.958984375,222.154296875,252.6123046875,596.640625,25.4765625,160.8623046875,182.6787109375,405.6279296875,2014-12-19,396.94
911,912,59.7777777777778,23.7222222222222,15.6111111111111,22.3888888888889,94420.0,-1332475.0,3577,60.08261339887021,25.685753290393407,12.77788345786488,1,2015,29,0.08323691620031025,0.07936848928377097,12.6815216760543,-0.008896694100785751,607,7.273184700698842,-2.1249289848818407,3.619812657077299,-1.289641057705902,22.564703,130.89069,8.73151,28.502051964898758,1482.566156431686,394.3369140625,315.9150390625,0.8369140625,810.2666015625,1489.091796875,1250.3857421875,2248.4013671875,1.4045800415312726,6.142611360823954,8.409151202321487,13.245526398722866,34.927734375,197.908203125,234.794921875,512.501953125,24.3935546875,148.875,178.587890625,391.2001953125,2015-01-29,399.24
912,913,76.25,19.75,2.5,19.65,94425.0,-1332480.0,3577,64.50388948987651,20.67265397141249,13.470376694035078,2,2015,36,0.16589613269341502,0.0984703039987073,12.615227356934911,-0.0098667345606831,614,7.273184700698842,-2.1249289848818407,3.619812657077299,-1.289641057705902,22.564703,130.89069,8.73151,28.502051964898758,1482.566156431686,293.759765625,421.326171875,50.1357421875,620.5634765625,1641.8427734375,1219.5458984375,2283.2998046875,2.216766806190023,8.13244287381595,7.547191402355227,15.169817846217983,35.6337890625,208.3251953125,232.8359375,522.517578125,24.09765625,148.8544921875,173.2685546875,397.6240234375,2015-02-05,399.24
913,914,74.9,17.15,5.95,17.9,94425.0,-1332480.0,3577,67.8311432316094,17.14213516101805,13.749197214627406,2,2015,37,0.16589613269341502,0.10119634195510843,12.605241308113987,-0.009986048820923799,615,7.273184700698842,-2.1249289848818407,3.619812657077299,-1.289641057705902,22.564703,130.89069,8.73151,28.502051964898758,1482.566156431686,276.9169921875,407.17578125,81.12890625,595.2236328125,1666.048828125,1220.6796875,2274.4033203125,1.8693784516055607,9.061230531251374,7.587552629582651,15.620562578470123,35.4140625,210.4208984375,231.916015625,525.037109375,22.1982421875,149.658203125,169.048828125,400.3134765625,2015-02-06,399.24
914,915,53.0769230769231,12.0,33.6923076923077,7.69230769230769,94431.9230769231,-1332499.61538462,3577,70.7348261301716,15.367025887766626,12.52462369072089,2,2015,44,0.16589613269341502,0.1202561940222393,12.532376486205276,-0.01069626164413151,622,7.273184700698842,-2.1249289848818407,3.619812657077299,-1.289641057705902,22.564703,130.89069,8.73151,28.502051964898758,1482.566156431686,229.8486328125,481.8662109375,82.609375,537.330078125,1685.9267578125,1208.455078125,2202.072265625,1.8673565199400397,9.597991372059981,10.930608982856935,17.895101827773853,36.263671875,209.5341796875,245.8349609375,532.056640625,24.23828125,152.0693359375,171.8564453125,397.333984375,2015-02-13,399.24
915,916,73.1428571428571,18.5714285714286,6.85714285714286,17.8571428571429,94437.8571428571,-1332443.57142857,3577,72.57877831066791,14.789980246789186,11.145155848357327,2,2015,45,0.16589613269341502,0.1229755828297412,12.52159563732665,-0.010780848878626514,623,7.273184700698842,-2.1249289848818407,3.619812657077299,-1.289641057705902,22.564703,130.89069,8.73151,28.502051964898758,1482.566156431686,193.369140625,518.345703125,82.609375,534.4970703125,1677.8251953125,1219.3466796875,2090.6953125,1.8942486979573665,9.500233206672721,11.690623981046786,18.449421440568763,36.0537109375,210.09375,247.9814453125,534.7265625,25.23828125,152.2197265625,170.05078125,401.0439453125,2015-02-14,399.24
916,917,70.75,19.15,9.15,14.4,94425.0,-1332480.0,3577,74.52759715475915,14.846682058908947,9.059587689438684,2,2015,52,0.16589613269341502,0.14198431644722623,12.444082764309556,-0.011267022490816458,630,7.273184700698842,-2.1249289848818407,3.619812657077299,-1.289641057705902,22.564703,130.89069,8.73151,28.502051964898758,1482.566156431686,220.94140625,553.3876953125,83.3662109375,381.2353515625,1814.529296875,1178.2509765625,1939.7568359375,0.7380437817558716,7.959369759564613,11.394481904630087,21.730894219294065,28.5537109375,208.1025390625,246.1474609375,547.9130859375,24.3076171875,144.6875,177.4580078125,392.5068359375,2015-02-21,399.24
917,918,84.35,13.7,0.5,18.3,94425.0,-1332480.0,3577,76.52765875598739,15.865706309511992,6.056714997842936,3,2015,68,0.24740395925452294,0.18522554101827018,12.2583121729562,-0.011804517479644616,646,7.273184700698842,-2.1249289848818407,3.619812657077299,-1.289641057705902,22.564703,130.89069,8.73151,28.502051964898758,1482.566156431686,220.6630859375,557.9248046875,207.298828125,286.755859375,1840.5068359375,1092.9169921875,1706.1630859375,1.2886304848655774,7.2097576152606795,7.530549903729085,21.823078708698354,34.564453125,202.244140625,235.5380859375,545.5615234375,24.1552734375,148.208984375,171.65234375,393.458984375,2015-03-09,399.24
918,919,82.4,13.3,2.0,19.8,94425.0,-1332480.0,3577,79.12616538417927,16.09765090430485,3.179224288452202,3,2015,76,0.24740395925452294,0.20671787133031128,12.163621985815503,-0.011841668462809096,654,7.273184700698842,-2.1249289848818407,3.619812657077299,-1.289641057705902,22.564703,130.89069,8.73151,28.502051964898758,1482.566156431686,229.4140625,596.947265625,211.2626953125,247.7412109375,1820.3837890625,997.8798828125,1725.8544921875,1.2906278885138776,9.675182328472227,9.598227147969721,17.07073021323246,35.1435546875,214.9140625,241.8984375,530.5830078125,24.9345703125,155.1484375,174.8544921875,387.580078125,2015-03-17,399.24
919,920,80.8333333333333,15.0,2.0,22.1666666666667,94440.0,-1332475.0,3577,81.54252467385328,17.12385988624123,0.0,4,2015,92,0.3271946967961522,0.24939435149663894,11.976019918164509,-0.011548837728637906,670,7.273184700698842,-2.1249289848818407,3.619812657077299,-1.289641057705902,22.564703,130.89069,8.73151,28.502051964898758,1482.566156431686,138.3056640625,570.076171875,390.90625,230.580078125,1514.02734375,1211.38671875,1638.611328125,1.6609557553077576,9.25001753772456,9.814742407254672,23.52475080766809,35.7421875,206.123046875,235.9677734375,563.00390625,24.361328125,144.83984375,174.115234375,403.9580078125,2015-04-02,399.24
920,921,77.7,20.6,0.45,18.85,94425.0,-1332480.0,3577,80.33650281605738,18.5816864250273,0.0,4,2015,93,0.3271946967961522,0.2520465683868774,11.964505035659762,-0.011514882504746637,671,7.273184700698842,-2.1249289848818407,3.619812657077299,-1.289641057705902,22.564703,130.89069,8.73151,28.502051964898758,1482.566156431686,127.1728515625,550.4091796875,421.17578125,227.3681640625,1514.7021484375,1214.7607421875,1631.3173828125,1.877572595543185,9.835653318054565,9.230358801481811,24.319780903465222,35.8623046875,209.181640625,233.02734375,566.4638671875,24.451171875,144.42578125,173.0654296875,405.228515625,2015-04-03,399.24
921,922,71.75,24.8,1.85,18.2,94425.0,-1332480.0,3577,75.18914702427512,19.943265300228255,2.943235144627892,4,2015,100,0.3271946967961522,0.27055800080379266,11.885013838265222,-0.011222760737432225,678,7.273184700698842,-2.1249289848818407,3.619812657077299,-1.289641057705902,22.564703,130.89069,8.73151,28.502051964898758,1482.566156431686,155.21484375,466.5341796875,518.5166015625,211.4345703125,1499.912109375,1245.484375,1547.9501953125,1.9022495905749102,10.766281249944331,11.71322591359775,23.434781803309285,34.65234375,216.3017578125,245.0439453125,554.462890625,22.8212890625,148.595703125,168.876953125,402.189453125,2015-04-10,399.24
922,923,73.8,20.7,3.4,19.15,94425.0,-1332480.0,3577,72.17942573421371,23.152595082932173,2.759277564540309,4,2015,101,0.3271946967961522,0.27319452640568975,11.873840917498978,-0.011172920766243877,679,7.273184700698842,-2.1249289848818407,3.619812657077299,-1.289641057705902,22.564703,130.89069,8.73151,28.502051964898758,1482.566156431686,149.703125,454.5166015625,536.0595703125,209.6259765625,1498.3193359375,1248.8857421875,1533.375,2.5009466755779473,10.704046839034948,12.390465693480675,22.921423045502298,35.83203125,214.7421875,247.9921875,551.5224609375,23.201171875,146.17578125,169.443359375,400.76953125,2015-04-11,399.24
923,924,73.05,22.0,2.75,18.2,94425.0,-1332480.0,3577,67.60803005043482,26.68206282880806,3.922472883153411,4,2015,108,0.3271946967961522,0.29159168187021955,11.797209458126886,-0.010762315799413003,686,7.273184700698842,-2.1249289848818407,3.619812657077299,-1.289641057705902,22.564703,130.89069,8.73151,28.502051964898758,1482.566156431686,92.5,419.884765625,628.234375,142.1494140625,1565.32421875,1242.484375,1521.5595703125,2.0739866808902425,11.039087991907916,13.204993514612895,24.56777229731447,35.0322265625,212.7607421875,250.57421875,549.9072265625,25.640625,147.9658203125,169.376953125,393.0087890625,2015-04-18,399.24
924,925,61.6666666666667,32.3333333333333,4.33333333333333,16.4,94425.0,-1332465.0,3577,65.80821479860745,28.332366292114372,4.065980356072627,4,2015,116,0.3271946967961522,0.3124852907236988,11.713771620990814,-0.010146654262319643,694,7.273184700698842,-2.1249289848818407,3.619812657077299,-1.289641057705902,22.564703,130.89069,8.73151,28.502051964898758,1482.566156431686,56.6494140625,408.412109375,677.8330078125,97.2666015625,1610.021484375,1181.8037109375,1569.265625,2.6570308475558306,12.977241608222686,13.013495899401796,29.087301132354025,35.76171875,209.6328125,247.142578125,568.322265625,22.1806640625,147.0966796875,174.5166015625,387.3857421875,2015-04-26,399.24
925,926,62.9,29.5,5.8,16.95,94425.0,-1332480.0,3577,63.29451528862348,30.679616358868735,4.163127584489191,4,2015,117,0.3271946967961522,0.31508664236294787,11.703714061594304,-0.010057559396509319,695,7.273184700698842,-2.1249289848818407,3.619812657077299,-1.289641057705902,22.564703,130.89069,8.73151,28.502051964898758,1482.566156431686,51.3642578125,386.859375,704.6708984375,97.2666015625,1610.021484375,1181.8037109375,1569.265625,2.1018447725948746,13.418083284419577,13.450946979351315,29.57879500216207,33.421875,208.642578125,247.802734375,571.150390625,20.021484375,145.0966796875,174.7861328125,386.6220703125,2015-04-27,399.24
926,927,60.25,33.25,4.7,16.5,94425.0,-1332480.0,3577,61.417976141496375,32.5821072116689,4.135934962869329,5,2015,124,0.40471456356112473,0.33322879067865074,11.636052589034644,-0.009350957022032702,702,7.273184700698842,-2.1249289848818407,3.619812657077299,-1.289641057705902,22.564703,130.89069,8.73151,28.502051964898758,1482.566156431686,43.8291015625,350.8681640625,748.197265625,67.4580078125,1639.830078125,1156.1396484375,1594.9296875,2.328171619728019,14.201437673202335,15.519928057014452,30.639276288032715,34.4892578125,205.13671875,242.064453125,570.9609375,18.31640625,121.70703125,165.1181640625,391.96484375,2015-05-04,399.24
927,928,59.9,37.6,1.0,16.4,94425.0,-1332480.0,3577,59.22122438963659,35.32358065051035,3.7445759091264335,5,2015,125,0.40471456356112473,0.3358106765401478,11.626814990243638,-0.009237598791006718,703,7.273184700698842,-2.1249289848818407,3.619812657077299,-1.289641057705902,22.564703,130.89069,8.73151,28.502051964898758,1482.566156431686,43.8291015625,336.7841796875,728.3798828125,61.3271484375,1678.9990234375,1156.8330078125,1595.099609375,2.258828887766699,14.383476012946412,15.430982814203606,30.74862202795226,34.9091796875,206.423828125,240.734375,568.5908203125,16.6357421875,119.3125,159.41796875,393.275390625,2015-05-05,399.24
928,929,58.65,35.3,4.2,16.3,94425.0,-1332480.0,3577,57.12542813223074,37.948564593295764,3.275314468812432,5,2015,133,0.40471456356112473,0.3563733969778998,11.557391083241617,-0.008211233824155784,711,7.273184700698842,-2.1249289848818407,3.619812657077299,-1.289641057705902,22.564703,130.89069,8.73151,28.502051964898758,1482.566156431686,2.6142578125,350.0654296875,708.4423828125,109.1982421875,1674.8232421875,1123.474609375,1630.513671875,2.624433835836079,14.445162561299313,16.337007155517554,33.51848700318456,35.12890625,210.03515625,242.2197265625,557.2216796875,19.92578125,121.806640625,132.1923828125,382.8466796875,2015-05-13,399.24
929,930,59.1,35.75,3.3,15.8,94425.0,-1332480.0,3577,56.57268505487474,38.58401350970434,3.18515122648202,5,2015,140,0.40471456356112473,0.37422568247722243,11.504131694781298,-0.007131885520392345,718,7.273184700698842,-2.1249289848818407,3.619812657077299,-1.289641057705902,22.564703,130.89069,8.73151,28.502051964898758,1482.566156431686,2.2734375,287.0537109375,771.0380859375,83.822265625,1688.91796875,1135.5126953125,1630.513671875,2.275946379915828,13.450173149967833,17.069596397135392,36.4045471793508,36.048828125,196.5634765625,245.1640625,551.638671875,22.3662109375,117.185546875,141.732421875,340.2529296875,2015-05-20,399.24
930,931,51.8,44.0,2.65,15.0,94425.0,-1332480.0,3577,55.57302351930004,39.52841946494607,3.255620746641932,5,2015,148,0.40471456356112473,0.39445938059939806,11.453419404329924,-0.005690896460825101,726,7.273184700698842,-2.1249289848818407,3.619812657077299,-1.289641057705902,22.564703,130.89069,8.73151,28.502051964898758,1482.566156431686,0.0048828125,233.166015625,801.2412109375,109.7802734375,1651.3095703125,1173.1025390625,1630.5322265625,2.229242229648336,13.848170830276276,15.193133277050062,38.33026331712967,34.7490234375,208.353515625,233.482421875,556.1650390625,22.3564453125,128.9169921875,143.40234375,314.33203125,2015-05-28,399.24
931,932,54.8,38.85,4.85,16.6,94425.0,-1332480.0,3577,54.250350732850364,41.135490051737776,3.088624997293266,6,2015,156,0.479425538604203,0.4145035918404523,11.415162980532246,-0.004048354145213651,734,7.273184700698842,-2.1249289848818407,3.619812657077299,-1.289641057705902,22.564703,130.89069,8.73151,28.502051964898758,1482.566156431686,36.58984375,167.2373046875,782.0712890625,194.87890625,1651.13671875,1173.193359375,1630.6142578125,2.248000348108012,9.833027771096095,16.11191413375434,36.887772758977476,33.3388671875,196.89453125,241.703125,549.0341796875,21.4775390625,141.6123046875,151.3828125,325.0869140625,2015-06-05,399.24
932,933,52.15,44.1,2.45,16.0,94425.0,-1332480.0,3577,54.03258351554758,40.841392972346625,3.6165082595417744,6,2015,157,0.479425538604203,0.41699531437359943,11.411332173056012,-0.0038308074762340993,735,7.273184700698842,-2.1249289848818407,3.619812657077299,-1.289641057705902,22.564703,130.89069,8.73151,28.502051964898758,1482.566156431686,36.58984375,161.5341796875,783.673828125,198.9794921875,1651.13671875,1173.193359375,1630.6142578125,2.3278727627557623,10.225061255750118,16.065032982184484,36.50932798532976,32.7685546875,196.4345703125,241.3232421875,546.8134765625,19.84765625,139.8935546875,152.8935546875,326.38671875,2015-06-06,399.24
933,934,55.35,39.2,3.8,15.95,94425.0,-1332480.0,3577,53.42924072830395,41.048178137645685,4.034047067482997,6,2015,165,0.479425538604203,0.4368148483300047,11.388775797333219,-0.002015668078650279,743,7.273184700698842,-2.1249289848818407,3.619812657077299,-1.289641057705902,22.564703,130.89069,8.73151,28.502051964898758,1482.566156431686,37.8388671875,107.650390625,824.818359375,211.71875,1650.9697265625,1173.3603515625,1630.6142578125,1.419460472459706,11.726595030083491,12.945899513614973,34.429340684802256,31.208984375,196.0537109375,229.7431640625,545.1728515625,23.677734375,129.46875,154.9931640625,346.6181640625,2015-06-14,399.24
934,935,53.9,39.5,5.1,16.1,94425.0,-1332480.0,3577,52.66030981401711,41.98362488903658,3.931885297364586,6,2015,172,0.479425538604203,0.4539851346904416,11.381275808372536,-0.0003581230142017944,750,7.273184700698842,-2.1249289848818407,3.619812657077299,-1.289641057705902,22.564703,130.89069,8.73151,28.502051964898758,1482.566156431686,37.833984375,92.4140625,796.7431640625,254.5791015625,1651.42578125,1173.3603515625,1630.6142578125,2.3779553385719,12.699603613569586,13.146055502543197,32.46400839449112,32.2392578125,204.7431640625,227.2626953125,537.50390625,19.09765625,131.0986328125,153.146484375,355.888671875,2015-06-21,399.24
935,936,51.15,44.25,3.2,15.8,94425.0,-1332480.0,3577,52.31987053193701,41.395415575130755,4.796698348090821,6,2015,173,0.479425538604203,0.45642454906324836,11.381156428546761,-0.0001193798257741463,751,7.273184700698842,-2.1249289848818407,3.619812657077299,-1.289641057705902,22.564703,130.89069,8.73151,28.502051964898758,1482.566156431686,37.833984375,91.4287109375,797.728515625,254.5791015625,1651.42578125,1173.3603515625,1630.6142578125,2.210119293011253,13.290662477900753,12.914828618383627,32.57928373786757,31.609375,203.43359375,227.5830078125,536.5537109375,15.09765625,127.3779296875,155.1064453125,355.0615234375,2015-06-22,399.24
936,937,53.35,40.7,4.45,15.6,94425.0,-1332480.0,3577,51.588918357176894,41.60631427395512,5.25227651605282,6,2015,181,0.479425538604203,0.475814996640089,11.388760910585367,0.0017765674515874963,759,7.273184700698842,-2.1249289848818407,3.619812657077299,-1.289641057705902,22.564703,130.89069,8.73151,28.502051964898758,1482.566156431686,34.4736328125,47.9208984375,730.26953125,369.017578125,1651.42578125,1173.3603515625,1630.6142578125,1.9332824350599942,12.05394067212967,15.619480413663318,29.874943957203,32.69921875,192.3447265625,233.943359375,524.7734375,18.0283203125,114.068359375,136.15625,352.685546875,2015-06-30,399.24
937,938,47.95,42.0,8.35,14.25,94425.0,-1332480.0,3577,49.94125332870716,43.18689081815372,5.347970295957112,7,2015,188,0.5508090958869698,0.49259445697131315,11.40762503591399,0.003371018419946026,766,7.273184700698842,-2.1249289848818407,3.619812657077299,-1.289641057705902,22.564703,130.89069,8.73151,28.502051964898758,1482.566156431686,0.111328125,77.1572265625,613.0595703125,491.353515625,1651.42578125,1173.3603515625,1630.6142578125,1.6994979670165564,11.443111846617805,13.987223107189664,32.54852485725135,32.541015625,193.712890625,225.0439453125,528.9736328125,18.5283203125,108.728515625,132.0966796875,333.8486328125,2015-07-07,399.24
938,939,47.9,47.1,3.7,14.75,94425.0,-1332480.0,3577,48.914485050545856,44.4154387408191,5.182472017146165,7,2015,189,0.5508090958869698,0.49497687645016214,11.41121583941613,0.0035908035021403606,767,7.273184700698842,-2.1249289848818407,3.619812657077299,-1.289641057705902,22.564703,130.89069,8.73151,28.502051964898758,1482.566156431686,0.111328125,40.6533203125,636.052734375,504.8642578125,1651.42578125,1173.3603515625,1630.6142578125,2.1520662809611775,11.126829592244116,14.400428820397101,32.132976007033854,32.640625,193.0751953125,225.423828125,528.5439453125,20.2783203125,110.548828125,130.7470703125,331.0478515625,2015-07-08,399.24
939,940,49.6,44.05,4.8,14.6,94425.0,-1332480.0,3577,48.25047020246131,45.504039529279,4.762364317359385,7,2015,197,0.5508090958869698,0.5139009836804498,11.447547086747521,0.0052547757036478515,775,7.273184700698842,-2.1249289848818407,3.619812657077299,-1.289641057705902,22.564703,130.89069,8.73151,28.502051964898758,1482.566156431686,0.111328125,40.2353515625,513.1162109375,628.21875,1651.42578125,1173.2783203125,1630.6962890625,2.0350739656344063,12.847008605745796,13.780163066400139,33.114346459459746,30.37109375,192.1259765625,227.0859375,523.4765625,16.3076171875,108.1181640625,130.8173828125,303.8388671875,2015-07-16,399.24
940,941,49.8,42.7,5.8,14.75,94425.0,-1332480.0,3577,48.61896102770694,45.44024246228746,4.40708344568397,7,2015,204,0.5508090958869698,0.530257380384088,11.489603903000686,0.0065499819705934215,782,7.273184700698842,-2.1249289848818407,3.619812657077299,-1.289641057705902,22.564703,130.89069,8.73151,28.502051964898758,1482.566156431686,0.111328125,37.8388671875,478.2109375,665.5205078125,1651.42578125,1173.2783203125,1630.6962890625,2.335104205179279,11.925193320282036,14.882082571380202,31.275029112196563,34.291015625,184.15625,222.4970703125,516.619140625,15.7880859375,98.6572265625,124.42578125,298.5,2015-07-23,399.24
941,942,45.7,51.05,2.0,14.2,94425.0,-1332480.0,3577,48.3644173445396,46.03841016849053,4.094856606944372,7,2015,205,0.5508090958869698,0.5325782277370062,11.496325449999782,0.006721546999095551,783,7.273184700698842,-2.1249289848818407,3.619812657077299,-1.289641057705902,22.564703,130.89069,8.73151,28.502051964898758,1482.566156431686,0.111328125,37.8388671875,468.0556640625,675.67578125,1651.42578125,1173.2783203125,1630.6962890625,2.3078310753804345,12.319239107962629,14.672992403773724,31.822603189118915,34.6708984375,187.90625,219.8173828125,517.041015625,15.158203125,98.517578125,120.955078125,299.8408203125,2015-07-24,399.24
942,943,48.4545454545455,46.5454545454545,3.63636363636364,14.4545454545455,94430.4545454545,-1332454.09090909,3577,46.852212352796414,47.809331521272014,3.9093288642114783,7,2015,212,0.5508090958869698,0.5487112551538731,11.547887877596327,0.007824995093328013,790,7.273184700698842,-2.1249289848818407,3.619812657077299,-1.289641057705902,22.564703,130.89069,8.73151,28.502051964898758,1482.566156431686,0.0,37.9501953125,400.3955078125,743.3359375,1651.42578125,1173.2783203125,1630.6962890625,2.222911169242713,13.47045777484167,14.627070183343063,32.095166772495546,34.0810546875,206.755859375,222.5771484375,511.4345703125,20.408203125,123.7392578125,113.67578125,290.048828125,2015-07-31,399.24
943,944,48.3,45.1,4.9,13.75,94425.0,-1332480.0,3577,47.395132449867845,45.92638241296434,5.287039810737303,8,2015,213,0.618369803069737,0.550999636611817,11.555856551121435,0.007968673525107661,791,7.273184700698842,-2.1249289848818407,3.619812657077299,-1.289641057705902,22.564703,130.89069,8.73151,28.502051964898758,1482.566156431686,0.0,37.9501953125,400.181640625,743.5498046875,1651.42578125,1173.2783203125,1630.6962890625,2.0400484261238345,13.660675626755545,14.775581460222764,32.48748609572816,33.78125,206.1455078125,227.7373046875,509.6552734375,18.3583984375,125.26953125,115.255859375,288.46875,2015-08-01,399.24
944,945,47.55,45.25,5.7,13.7,94425.0,-1332480.0,3577,47.31944707416841,46.81426658058382,4.418160758464063,8,2015,220,0.618369803069737,0.5669015449020084,11.615372406539022,0.008878841235102186,798,7.273184700698842,-2.1249289848818407,3.619812657077299,-1.289641057705902,22.564703,130.89069,8.73151,28.502051964898758,1482.566156431686,0.0,37.9501953125,378.5078125,765.2236328125,1651.42578125,1173.2783203125,1630.5,2.1844217549126737,14.061336377963244,15.70072405287938,33.48290448955078,32.5693359375,197.5234375,239.9267578125,510.306640625,19.6171875,110.8115234375,143.6279296875,272.9072265625,2015-08-08,399.24
945,946,43.5,51.2,4.1,13.45,94425.0,-1332480.0,3577,46.667306462177066,49.25844642269462,2.6400873683025647,8,2015,221,0.618369803069737,0.5691563611926911,11.624367971779634,0.00899556524061218,799,7.273184700698842,-2.1249289848818407,3.619812657077299,-1.289641057705902,22.564703,130.89069,8.73151,28.502051964898758,1482.566156431686,0.0,37.9501953125,378.5078125,765.2236328125,1651.42578125,1173.2783203125,1630.5,2.653887888785159,13.976934342942474,15.912951214283236,33.38935253297522,33.5390625,196.5537109375,238.3251953125,512.2265625,19.6572265625,111.662109375,142.2861328125,273.6171875,2015-08-09,399.24
946,947,42.55,50.05,6.1,13.0,94425.0,-1332480.0,3577,44.64033319620888,50.2820076208546,3.582246855311335,8,2015,228,0.618369803069737,0.5848195115392493,11.690340688683813,0.009725102150222042,806,7.273184700698842,-2.1249289848818407,3.619812657077299,-1.289641057705902,22.564703,130.89069,8.73151,28.502051964898758,1482.566156431686,0.0,37.9501953125,307.3466796875,836.384765625,1651.42578125,1173.2783203125,1630.5,2.4474846162023747,13.502412743842642,16.630822231727635,34.62931134348472,33.5185546875,203.4443359375,230.0927734375,530.734375,17.2470703125,115.3408203125,131.3193359375,294.9482421875,2015-08-16,399.24
947,948,45.45,46.95,5.95,12.75,94425.0,-1332480.0,3577,41.54677520621172,50.19515469050323,6.730037454804252,8,2015,229,0.618369803069737,0.5870396795141201,11.70015806982002,0.009817381136207004,807,7.273184700698842,-2.1249289848818407,3.619812657077299,-1.289641057705902,22.564703,130.89069,8.73151,28.502051964898758,1482.566156431686,0.0,37.9501953125,289.8466796875,853.884765625,1651.42578125,1173.2783203125,1630.5,2.5842166704789777,13.696015517149831,16.77650215937347,34.853331218284936,32.9287109375,203.68359375,229.6630859375,534.912109375,17.1474609375,112.9111328125,132.798828125,295.84765625,2015-08-17,399.24
948,949,45.8,46.95,5.45,12.65,94425.0,-1332480.0,3577,37.72310831582713,49.830497521047356,10.911501656236872,8,2015,236,0.618369803069737,0.6024565477924997,11.771231813047292,0.010386810047972261,814,7.273184700698842,-2.1249289848818407,3.619812657077299,-1.289641057705902,22.564703,130.89069,8.73151,28.502051964898758,1482.566156431686,0.0322265625,37.9453125,268.08984375,875.646484375,1651.42578125,1173.2783203125,1630.5,1.9729832874019337,13.836533937969214,16.28023218762881,36.85425191743565,34.5986328125,199.9443359375,236.6123046875,536.837890625,20.466796875,103.6220703125,130.05859375,313.390625,2015-08-24,399.24
949,950,27.8,63.2,7.4,7.6,94371.0,-1332489.0,3577,34.980486695961346,47.112814739433084,16.348503972804938,8,2015,237,0.618369803069737,0.6046410009470569,11.781689654639067,0.010457841591774653,815,7.273184700698842,-2.1249289848818407,3.619812657077299,-1.289641057705902,22.564703,130.89069,8.73151,28.502051964898758,1482.566156431686,0.0322265625,37.9453125,234.2802734375,909.4560546875,1651.42578125,1173.2783203125,1630.5,2.404997238205981,13.165692656227211,16.93427261796711,36.78743942771169,36.6689453125,201.404296875,236.921875,534.5263671875,19.626953125,108.6416015625,126.119140625,312.6689453125,2015-08-25,399.24
950,951,28.0,38.5,32.25,16.05,94425.0,-1332480.0,3577,32.10627097360364,44.78601615102494,21.5214997077194,9,2015,244,0.6816387600233341,0.6198041813394971,11.856685595317774,0.010889774288349585,822,7.273184700698842,-2.1249289848818407,3.619812657077299,-1.289641057705902,22.564703,130.89069,8.73151,28.502051964898758,1482.566156431686,0.0322265625,1.3603515625,205.7998046875,974.521484375,1651.42578125,1173.2783203125,1630.5,2.460655411583756,13.49278912476591,15.570689894433192,37.80876083139557,36.3994140625,214.0537109375,238.0732421875,533.123046875,20.787109375,122.90234375,128.2685546875,296.501953125,2015-09-01,399.24
951,952,29.2,36.7,32.45,15.45,94425.0,-1332480.0,3577,29.47285176123745,43.430859078995,25.57371668578717,9,2015,245,0.6816387600233341,0.6219518703256062,11.86762829552294,0.010942700205164968,823,7.273184700698842,-2.1249289848818407,3.619812657077299,-1.289641057705902,22.564703,130.89069,8.73151,28.502051964898758,1482.566156431686,0.0322265625,1.3603515625,204.248046875,976.0732421875,1651.42578125,1173.2783203125,1630.5,2.433449388509883,13.900949431255741,15.410024161718933,37.91371975395441,35.9912109375,214.8544921875,241.3525390625,531.7333984375,20.0859375,122.65234375,135.958984375,291.6513671875,2015-09-02,399.24
952,953,31.8,41.8,24.95,13.3,94425.0,-1332480.0,3577,27.859696031518496,43.16913983848323,27.516562384979327,9,2015,252,0.6816387600233341,0.6368540788786715,11.9455400692411,0.011257318784181791,830,7.273184700698842,-2.1249289848818407,3.619812657077299,-1.289641057705902,22.564703,130.89069,8.73151,28.502051964898758,1482.566156431686,0.0322265625,0.111328125,190.1572265625,991.4130859375,1651.42578125,1173.2783203125,1630.5,2.3468015094527566,16.268826546874074,16.334398819765624,36.54724175629987,35.4814453125,220.5166015625,250.845703125,543.4228515625,18.5458984375,119.986328125,142.73828125,294.8115234375,2015-09-09,399.24
953,954,29.95,44.65,23.85,12.1,94425.0,-1332480.0,3577,27.896520816640482,43.29378315182622,27.37817553962656,9,2015,261,0.6816387600233341,0.6556691338743984,12.048323860143563,0.011529931105860314,839,7.273184700698842,-2.1249289848818407,3.619812657077299,-1.289641057705902,22.564703,130.89069,8.73151,28.502051964898758,1482.566156431686,0.0322265625,0.111328125,130.248046875,1051.322265625,1640.541015625,1183.9892578125,1630.673828125,2.673622556242109,16.45675159075683,19.992272636672453,36.692249936038266,37.5009765625,218.0654296875,254.748046875,565.5703125,21.1962890625,120.82421875,139.7626953125,318.779296875,2015-09-18,399.24
954,955,28.55,46.4,23.75,10.9,94425.0,-1332480.0,3577,29.125843688268766,44.02951020932515,25.39602719261783,9,2015,269,0.6816387600233341,0.6720593312461268,12.141200857225357,0.011655707587651776,847,7.273184700698842,-2.1249289848818407,3.619812657077299,-1.289641057705902,22.564703,130.89069,8.73151,28.502051964898758,1482.566156431686,0.0,0.0322265625,82.6748046875,1099.0068359375,1627.5390625,1196.9912109375,1630.673828125,3.1053161128142936,17.608720119307847,18.708879236895662,42.25397563920575,36.951171875,221.70703125,257.65625,579.5478515625,23.005859375,114.697265625,146.150390625,317.8623046875,2015-09-26,399.24
955,956,26.6,49.9,22.0,11.8,94425.0,-1332480.0,3577,30.83630823737812,45.42583451877982,22.240509645150286,10,2015,276,0.7401768531960371,0.6861361913257407,12.222914124281097,0.011673766797985152,854,7.273184700698842,-2.1249289848818407,3.619812657077299,-1.289641057705902,22.564703,130.89069,8.73151,28.502051964898758,1482.566156431686,0.16015625,0.0322265625,81.0595703125,1100.6220703125,1627.5390625,1191.6552734375,1634.7080078125,2.9559429944547073,17.124726493636153,20.71403623212214,44.176610222901175,36.8837890625,221.12890625,258.658203125,584.5068359375,22.4482421875,127.7490234375,137.703125,323.3447265625,2015-10-03,399.24
956,957,31.6,44.9,22.0,11.8,94425.0,-1332480.0,3577,30.813618152012747,48.14745024597701,19.53940007360768,10,2015,277,0.7401768531960371,0.688126690746912,12.234582997599388,0.011668873318290807,855,7.273184700698842,-2.1249289848818407,3.619812657077299,-1.289641057705902,22.564703,130.89069,8.73151,28.502051964898758,1482.566156431686,0.1826171875,0.0322265625,78.1875,1103.494140625,1627.5390625,1191.6552734375,1634.7080078125,2.740542248476544,17.294394047256304,20.438739798499427,44.925644169396904,36.2939453125,221.671875,256.5576171875,586.537109375,22.1484375,128.7509765625,138.2734375,323.8349609375,2015-10-04,399.24
957,958,33.25,44.55,20.6,11.35,94425.0,-1332480.0,3577,30.49250088828945,46.945652899269994,21.09944359046211,10,2015,284,0.7401768531960371,0.7019147308834798,12.315957185325907,0.011577001529458286,862,7.273184700698842,-2.1249289848818407,3.619812657077299,-1.289641057705902,22.564703,130.89069,8.73151,28.502051964898758,1482.566156431686,0.4111328125,0.0322265625,40.4892578125,1140.35546875,1628.0556640625,1180.4560546875,1641.705078125,3.0762088705034,16.036806200616635,20.034936295732848,45.37211133122388,37.3740234375,217.3544921875,257.9658203125,588.3466796875,21.677734375,135.84765625,150.8994140625,322.345703125,2015-10-11,399.24
958,959,31.55,46.25,20.8,12.1,94425.0,-1332480.0,3577,32.12157592907431,44.54555923041872,21.84824633570437,10,2015,292,0.7401768531960371,0.7173560908995228,12.407575750235404,0.011331353035295422,870,7.273184700698842,-2.1249289848818407,3.619812657077299,-1.289641057705902,22.564703,130.89069,8.73151,28.502051964898758,1482.566156431686,0.5,0.0322265625,38.1201171875,1142.724609375,1623.9072265625,1183.822265625,1630.4091796875,2.9396906544259735,18.272305558037022,19.056585384446795,46.29976748065231,37.1943359375,231.0947265625,254.9384765625,589.9189453125,22.1181640625,134.337890625,159.265625,330.31640625,2015-10-19,399.24
959,960,32.75,44.7,21.05,11.35,94425.0,-1332480.0,3577,33.589716038827746,44.020908594222,20.851070601222283,10,2015,293,0.7401768531960371,0.7192621817455338,12.418864296033636,0.011288545798231908,871,7.273184700698842,-2.1249289848818407,3.619812657077299,-1.289641057705902,22.564703,130.89069,8.73151,28.502051964898758,1482.566156431686,0.5,0.0322265625,38.107421875,1142.7373046875,1623.9072265625,1183.822265625,1630.4091796875,3.636790628352028,18.34323160494414,19.360485074764153,45.80306052339654,38.3935546875,229.9951171875,257.328125,587.3818359375,22.2978515625,134.578125,159.525390625,331.05859375,2015-10-20,399.24
960,961,34.25,44.9,19.3,11.9,94425.0,-1332480.0,3577,33.64988843790926,44.923476878241615,19.932541297708596,10,2015,300,0.7401768531960371,0.7324528537909863,12.496428411156513,0.010902027651303214,878,7.273184700698842,-2.1249289848818407,3.619812657077299,-1.289641057705902,22.564703,130.89069,8.73151,28.502051964898758,1482.566156431686,0.5,0.0322265625,37.9501953125,1142.89453125,1623.9072265625,1180.2431640625,1626.9365234375,2.8740946317520537,18.73175314426988,21.980022233296168,44.72480579966127,38.3935546875,234.8134765625,268.388671875,588.15234375,24.34765625,134.8681640625,156.8759765625,352.310546875,2015-10-27,399.24
961,962,30.7647058823529,46.8823529411765,21.0,11.7058823529412,94430.2941176471,-1332472.05882353,3577,32.61318349288176,47.20333756572353,18.722948868648132,10,2015,301,0.7401768531960371,0.73431535665374,12.507261796748796,0.010833385592283307,879,7.273184700698842,-2.1249289848818407,3.619812657077299,-1.289641057705902,22.564703,130.89069,8.73151,28.502051964898758,1482.566156431686,0.5,0.0322265625,37.9501953125,1142.89453125,1620.50390625,1183.646484375,1625.505859375,3.2573420027284543,18.33107750202328,22.19203049051565,44.8632897388905,39.103515625,234.2734375,268.587890625,590.4658203125,26.0283203125,137.6279296875,156.515625,354.982421875,2015-10-28,399.24
962,963,33.3,44.1,21.1,10.25,94425.0,-1332480.0,3577,32.05808544942102,47.96752619989019,18.56023066352419,11,2015,309,0.793577803248942,0.7490157876964552,12.59100489623804,0.010146529785579617,887,7.273184700698842,-2.1249289848818407,3.619812657077299,-1.289641057705902,22.564703,130.89069,8.73151,28.502051964898758,1482.566156431686,0.3173828125,0.21484375,37.9501953125,1142.89453125,1609.9892578125,1193.2412109375,1620.734375,2.584598204188076,17.854078996472673,21.739447073183563,47.66922016326391,38.0224609375,235.3671875,274.1171875,603.564453125,25.236328125,146.72265625,167.255859375,359.2275390625,2015-11-05,399.24
963,964,39.25,47.05,12.15,13.25,94425.0,-1332480.0,3577,33.06631519090503,48.68913122935342,16.80260795478173,11,2015,316,0.793577803248942,0.7615837490247914,12.658855974575774,0.009320746354644527,894,7.273184700698842,-2.1249289848818407,3.619812657077299,-1.289641057705902,22.564703,130.89069,8.73151,28.502051964898758,1482.566156431686,1.9931640625,0.443359375,37.9501953125,1061.1220703125,1678.4736328125,1173.6201171875,1629.38671875,2.8233178976912177,18.769855561917396,20.43867720066075,50.04818216168332,39.482421875,241.1015625,273.3896484375,620.353515625,27.095703125,156.537109375,171.958984375,366.9580078125,2015-11-12,399.24
964,965,26.65,58.1,13.9,8.3,94425.0,-1332480.0,3577,34.05228674681817,48.31370740592382,16.24225999824009,11,2015,317,0.793577803248942,0.7633564132116517,12.668039977178948,0.00918400260317398,895,7.273184700698842,-2.1249289848818407,3.619812657077299,-1.289641057705902,22.564703,130.89069,8.73151,28.502051964898758,1482.566156431686,14.884765625,0.443359375,37.9501953125,1061.1220703125,1658.71875,1191.7470703125,1625.8525390625,3.0725270286308,18.530565578921475,20.31002800136638,50.17667722488566,39.3515625,241.3818359375,272.748046875,621.462890625,24.49609375,157.376953125,174.0263671875,369.1982421875,2015-11-13,399.24
965,966,35.0,45.0,19.0,9.0,94485.0,-1332435.0,3577,36.907350029717485,46.554753303307635,15.205261247582783,11,2015,324,0.793577803248942,0.7756038877273475,12.72808321413602,0.008087595247314283,902,7.273184700698842,-2.1249289848818407,3.619812657077299,-1.289641057705902,22.564703,130.89069,8.73151,28.502051964898758,1482.566156431686,32.5146484375,0.5322265625,37.9453125,1060.3701171875,1647.5029296875,1194.970703125,1576.0029296875,2.682011838119633,15.441664479066773,21.603092607552277,48.294674735736386,38.40234375,230.4716796875,280.7333984375,625.623046875,23.40625,147.1357421875,181.873046875,386.708984375,2015-11-20,399.24
966,967,41.8,39.9,16.6,10.35,94425.0,-1332480.0,3577,40.52428031204515,42.64035181111579,15.507793872488339,11,2015,325,0.793577803248942,0.7773303443774742,12.735993904533132,0.007910690397110898,903,7.273184700698842,-2.1249289848818407,3.619812657077299,-1.289641057705902,22.564703,130.89069,8.73151,28.502051964898758,1482.566156431686,32.787109375,0.501953125,37.9755859375,1060.3701171875,1638.849609375,1201.8046875,1568.998046875,3.130405351074083,15.46251737545598,21.21005060626608,48.29493309754808,39.3818359375,229.9921875,279.54296875,626.78125,26.0263671875,145.7763671875,179.9921875,392.1171875,2015-11-21,399.24
967,968,47.15,35.5,16.2,11.85,94425.0,-1332480.0,3577,42.90747461728427,38.78411656029907,17.067910299495807,12,2015,340,0.8414709848078965,0.8025198761927164,12.830023271659366,0.004664708576012089,918,7.273184700698842,-2.1249289848818407,3.619812657077299,-1.289641057705902,22.564703,130.89069,8.73151,28.502051964898758,1482.566156431686,90.96484375,0.5,0.1435546875,992.0703125,1575.66015625,1293.2216796875,1484.1044921875,1.377291978064242,12.820755342291108,18.589373696669746,46.3408706245138,33.62890625,223.5498046875,271.7333984375,629.0615234375,25.697265625,154.3896484375,180.8837890625,403.9169921875,2015-12-06,399.24
968,969,46.6470588235294,41.5294117647059,10.4117647058824,16.3529411764706,94416.1764705882,-1332486.17647059,3577,48.14910188558167,35.88594318427146,14.72596773104658,12,2015,341,0.8414709848078965,0.8041514523449627,12.834435545708107,0.004412274048741338,919,7.273184700698842,-2.1249289848818407,3.619812657077299,-1.289641057705902,22.564703,130.89069,8.73151,28.502051964898758,1482.566156431686,100.642578125,0.5,0.1435546875,987.1474609375,1548.171875,1319.3017578125,1488.25,2.220491270440758,11.9906970414996,17.44854010231638,46.63485355470628,37.6591796875,219.0166015625,269.673828125,629.2109375,24.287109375,153.220703125,182.84375,402.1767578125,2015-12-07,399.24
969,970,50.0,26.4705882352941,22.6470588235294,19.1176470588235,94416.1764705882,-1332473.82352941,3577,51.964100483979806,32.14584378166123,14.60008831998234,12,2015,357,0.8414709848078965,0.8294275814489923,12.868209000224342,-4.3995287537512695e-06,935,7.273184700698842,-2.1249289848818407,3.619812657077299,-1.289641057705902,22.564703,130.89069,8.73151,28.502051964898758,1482.566156431686,120.7392578125,33.287109375,0.0322265625,927.1025390625,1537.4296875,1312.240234375,1328.837890625,1.193513843773024,7.027587659799735,14.42334887104385,35.85021432162851,32.689453125,199.3447265625,257.171875,600.5673828125,25.20703125,153.421875,180.6298828125,411.435546875,2015-12-23,399.24
970,971,56.15,29.8,12.5,16.75,94425.0,-1332480.0,3577,53.635795128192875,29.127925352734323,15.8969517825076,12,2015,364,0.8414709848078965,0.8399875482895418,12.860148884034878,-0.0020059544141250996,942,7.273184700698842,-2.1249289848818407,3.619812657077299,-1.289641057705902,22.564703,130.89069,8.73151,28.502051964898758,1482.566156431686,185.7119140625,43.2373046875,0.0322265625,864.9296875,1557.0458984375,1260.880859375,1304.1748046875,1.6080723780733828,5.391556495745957,8.22110150357276,32.825023090355984,34.958984375,186.0341796875,232.0341796875,588.0654296875,24.216796875,149.8203125,178.62890625,409.2216796875,2015-12-30,399.24
971,972,49.5555555555556,29.2222222222222,20.0,18.5555555555556,94451.6666666667,-1332501.66666667,3577,52.87218746872847,27.21887709307626,18.615646603742533,12,2015,365,0.8414709848078965,0.8414709848078965,12.857861848274563,-0.0022870357603146374,943,7.273184700698842,-2.1249289848818407,3.619812657077299,-1.289641057705902,22.564703,130.89069,8.73151,28.502051964898758,1482.566156431686,169.9541015625,58.9951171875,0.0322265625,861.58984375,1554.193359375,1264.3447265625,1306.5595703125,1.38666166103911,6.104924990543839,7.537842370400277,32.82207253265518,34.3994140625,189.474609375,228.7236328125,587.1923828125,25.126953125,148.7802734375,177.7587890625,410.9130859375,2015-12-31,399.24
972,973,57.25,29.5,12.0,22.75,94440.0,-1332465.0,3577,53.41212053289202,24.157872131507197,21.19970912350854,1,2016,7,0.08323691620031025,0.019176906600680502,12.832864403915732,-0.00426485308202551,950,7.273184700698842,-2.1249289848818407,3.619812657077299,-1.289641057705902,22.564703,130.89069,8.73151,28.502051964898758,1482.566156431686,140.2880859375,100.7314453125,0.443359375,693.376953125,1685.150390625,1285.0361328125,1297.1689453125,1.6604974734453923,10.8567958999669,7.491586651582949,25.587875699988572,36.5576171875,217.6201171875,223.8740234375,557.8134765625,25.6337890625,156.99609375,173.9072265625,410.3330078125,2016-01-07,402.52
973,974,62.85,19.75,15.65,12.7,94425.0,-1332480.0,3577,55.40935622987246,22.605822539018938,20.7465583223884,1,2016,8,0.08323691620031025,0.021916053410854716,12.82834165636816,-0.004522747547571981,951,7.273184700698842,-2.1249289848818407,3.619812657077299,-1.289641057705902,22.564703,130.89069,8.73151,28.502051964898758,1482.566156431686,142.943359375,102.9052734375,0.443359375,690.328125,1687.919921875,1282.609375,1299.478515625,1.372820740651302,11.115134046462055,8.17949076497256,24.253409471452734,35.078125,218.8984375,228.4140625,551.4638671875,25.2236328125,156.943359375,174.8271484375,409.2822265625,2016-01-08,402.52
974,975,42.5,14.5,42.0,12.5,94462.5,-1332517.5,3577,58.71078444814593,21.078619927187162,18.76953764986629,1,2016,15,0.08323691620031025,0.04108432376986344,12.7897944440987,-0.006214929208923081,958,7.273184700698842,-2.1249289848818407,3.619812657077299,-1.289641057705902,22.564703,130.89069,8.73151,28.502051964898758,1482.566156431686,177.783203125,114.484375,0.5322265625,580.7265625,1742.9111328125,1309.8671875,1287.7021484375,1.9484513429729142,11.857930484922509,12.487954787113356,18.009551365381448,36.4775390625,220.6376953125,253.9765625,522.7060546875,26.173828125,153.0244140625,182.1669921875,403.4794921875,2016-01-15,402.52
975,976,63.7,21.85,13.2,14.3,94425.0,-1332480.0,3577,61.7163897142042,21.177477087954706,15.570198468438722,1,2016,16,0.08323691620031025,0.043821578983327183,12.783355561912575,-0.006438882186124317,959,7.273184700698842,-2.1249289848818407,3.619812657077299,-1.289641057705902,22.564703,130.89069,8.73151,28.502051964898758,1482.566156431686,177.572265625,114.6953125,0.5322265625,577.728515625,1710.5595703125,1334.884765625,1290.66015625,2.1450169715853513,11.889230737507633,13.090501668334838,17.74619255809977,36.578125,220.84765625,255.4560546875,522.6650390625,26.4736328125,152.154296875,184.02734375,402.5361328125,2016-01-16,402.52
976,977,70.5,23.35,4.7,18.1,94425.0,-1332480.0,3577,65.62914943672476,19.53100078152599,13.264253202632212,2,2016,39,0.16589613269341502,0.10664611864394649,12.584929673177198,-0.010210891935306776,982,7.273184700698842,-2.1249289848818407,3.619812657077299,-1.289641057705902,22.564703,130.89069,8.73151,28.502051964898758,1482.566156431686,233.7333984375,243.94140625,2.3505859375,416.4580078125,1330.9609375,1695.3857421875,1175.60546875,1.6121436354882885,5.602453147306647,9.670247554059085,32.337770512615535,35.57421875,195.25390625,243.2158203125,590.126953125,25.3779296875,148.46875,180.0771484375,411.974609375,2016-02-08,402.52
977,978,71.5,22.8333333333333,3.66666666666667,20.6666666666667,94385.0,-1332505.0,3577,69.55327482973502,19.902182578340586,8.895358923840572,2,2016,40,0.16589613269341502,0.10936981646984724,12.574613099778391,-0.010316573398807094,983,7.273184700698842,-2.1249289848818407,3.619812657077299,-1.289641057705902,22.564703,130.89069,8.73151,28.502051964898758,1482.566156431686,231.9033203125,249.958984375,2.3505859375,416.4580078125,1316.8837890625,1707.021484375,1173.0302734375,1.8111900006847497,6.39124150620951,8.86620356355837,32.0145249184057,36.43359375,198.50390625,239.8818359375,589.20703125,25.7275390625,149.1982421875,178.51171875,412.7646484375,2016-02-09,402.52
978,979,74.65,19.15,4.15,18.5,94425.0,-1332480.0,3577,71.93004214566608,20.75984253104685,5.7210580441222065,2,2016,47,0.16589613269341502,0.12841157084082863,12.4997959292394,-0.010938231872451354,990,7.273184700698842,-2.1249289848818407,3.619812657077299,-1.289641057705902,22.564703,130.89069,8.73151,28.502051964898758,1482.566156431686,301.1279296875,259.7685546875,33.03125,367.16015625,1331.986328125,1692.548828125,1219.0341796875,1.3358348910447322,9.071927731293895,8.202431506894259,26.405182128434408,35.6640625,215.14453125,234.9375,570.5634765625,23.1884765625,152.9384765625,174.92578125,411.888671875,2016-02-16,402.52
979,980,72.05,16.0,10.05,16.1,94425.0,-1332480.0,3577,75.57377081122081,20.07468228365761,2.7105706986507894,2,2016,56,0.16589613269341502,0.15282345185103158,12.398493169807352,-0.011469264366546383,999,7.273184700698842,-2.1249289848818407,3.619812657077299,-1.289641057705902,22.564703,130.89069,8.73151,28.502051964898758,1482.566156431686,311.873046875,320.9052734375,33.53515625,306.0673828125,1240.001953125,1812.716796875,1162.7998046875,1.4682316798462571,9.995641332892616,10.572415574209233,19.969449676551708,35.3740234375,216.5732421875,251.5283203125,546.02734375,25.2783203125,151.357421875,174.2568359375,404.5341796875,2016-02-25,402.52
980,981,73.0,21.25,5.3,20.1,94425.0,-1332480.0,3577,77.56045270517797,18.477213550121004,2.250575533856929,3,2016,64,0.24740395925452294,0.17444536249312315,12.305435484019707,-0.011733534261463063,1007,7.273184700698842,-2.1249289848818407,3.619812657077299,-1.289641057705902,22.564703,130.89069,8.73151,28.502051964898758,1482.566156431686,293.796875,332.7626953125,80.599609375,207.1923828125,1321.8466796875,1787.568359375,1137.1962890625,1.537576170535333,10.031946083768105,11.807218238036079,22.23705095790226,36.734375,216.5546875,252.7373046875,561.18359375,25.0751953125,156.5908203125,178.4462890625,399.109375,2016-03-04,402.52
981,982,78.65,16.95,2.35,18.95,94425.0,-1332480.0,3577,76.22356946457974,17.40864599796228,4.765492866266146,3,2016,72,0.24740395925452294,0.19598347462695087,12.210995582427582,-0.011839633420645868,1015,7.273184700698842,-2.1249289848818407,3.619812657077299,-1.289641057705902,22.564703,130.89069,8.73151,28.502051964898758,1482.566156431686,238.13671875,405.080078125,106.9814453125,190.30078125,1266.2060546875,1827.00390625,1060.1787109375,1.2281210658576156,8.271431238659897,11.672234547588614,25.089663631650705,34.0341796875,209.64453125,253.2587890625,574.193359375,25.60546875,154.9306640625,180.763671875,402.5087890625,2016-03-12,402.52
982,983,77.45,20.35,0.55,19.3,94425.0,-1332480.0,3577,77.34008421917483,17.873205741624126,3.1207646842317103,3,2016,80,0.24740395925452294,0.21742744196619432,12.116318362156486,-0.011812667220400641,1023,7.273184700698842,-2.1249289848818407,3.619812657077299,-1.289641057705902,22.564703,130.89069,8.73151,28.502051964898758,1482.566156431686,163.01953125,500.8564453125,145.1982421875,131.251953125,1296.271484375,1813.3818359375,951.8955078125,1.3029908256393186,6.344559983747047,9.82403806640086,26.302406229577795,36.0537109375,204.603515625,244.71875,576.07421875,26.0654296875,155.2890625,181.0458984375,409.892578125,2016-03-20,402.52
983,984,79.35,16.5,2.1,20.2,94425.0,-1332480.0,3577,77.44781008464061,18.574746512514636,2.136262602206556,3,2016,88,0.24740395925452294,0.23876696344897025,12.022400302085478,-0.01166603169840208,1031,7.273184700698842,-2.1249289848818407,3.619812657077299,-1.289641057705902,22.564703,130.89069,8.73151,28.502051964898758,1482.566156431686,148.6611328125,463.5322265625,227.861328125,82.7392578125,1329.9501953125,1757.51953125,977.99609375,1.894840574619692,10.974177405757482,7.856665048179992,24.238721968938865,37.09375,219.205078125,242.2666015625,568.005859375,25.5048828125,155.419921875,179.615234375,412.8291015625,2016-03-28,402.52
984,985,78.0,17.5,2.3,19.1,94425.0,-1332480.0,3577,75.26378141980732,21.009911450775185,1.758927450258457,4,2016,95,0.3271946967961522,0.257345306618054,11.941584742975593,-0.011441261806007574,1038,7.273184700698842,-2.1249289848818407,3.619812657077299,-1.289641057705902,22.564703,130.89069,8.73151,28.502051964898758,1482.566156431686,145.98828125,476.375,235.9716796875,81.994140625,1326.43359375,1486.87109375,1242.591796875,2.324004426614783,12.002538539438152,12.869017980377174,20.423152469530244,37.5224609375,221.390625,256.298828125,557.013671875,25.541015625,152.3623046875,180.9248046875,411.6806640625,2016-04-04,402.52
985,986,70.05,26.85,1.5,18.05,94425.0,-1332480.0,3577,73.22631254193627,22.99150338824918,1.7784028664830955,4,2016,103,0.3271946967961522,0.27846140596347235,11.851653135146037,-0.011066826999897472,1046,7.273184700698842,-2.1249289848818407,3.619812657077299,-1.289641057705902,22.564703,130.89069,8.73151,28.502051964898758,1482.566156431686,102.7197265625,504.3525390625,252.1357421875,41.0078125,1309.392578125,1538.7412109375,1248.9775390625,2.4680035925093717,12.791943467799662,14.689114310170588,23.93045243150418,37.4619140625,219.51171875,259.5009765625,570.083984375,24.310546875,148.416015625,176.75,413.3095703125,2016-04-12,402.52
986,987,70.75,22.85,4.4,17.55,94425.0,-1332480.0,3577,71.12056550259823,24.064482885531923,2.8119043495200278,4,2016,104,0.3271946967961522,0.28109172038566477,11.840642638629369,-0.011010496516668411,1047,7.273184700698842,-2.1249289848818407,3.619812657077299,-1.289641057705902,22.564703,130.89069,8.73151,28.502051964898758,1482.566156431686,102.7197265625,466.794921875,289.6044921875,41.021484375,1282.9453125,1565.263671875,1248.9775390625,2.4431759684381644,13.316922933427648,14.468940313770766,24.775663161830998,36.921875,220.4619140625,258.548828125,572.603515625,24.12109375,148.17578125,175.4453125,412.3203125,2016-04-13,402.52
987,988,69.1,25.65,2.95,18.0,94425.0,-1332480.0,3577,69.78517071163088,25.522059364780006,2.8415867414315175,4,2016,111,0.3271946967961522,0.29944374050084255,11.765340313905602,-0.010550923160270287,1054,7.273184700698842,-2.1249289848818407,3.619812657077299,-1.289641057705902,22.564703,130.89069,8.73151,28.502051964898758,1482.566156431686,76.712890625,528.955078125,292.267578125,40.74609375,1255.9833984375,1591.935546875,1239.138671875,2.669036375312781,14.725796604263536,15.760098901865813,31.387938427421773,37.1015625,224.5009765625,257.3837890625,588.8857421875,24.810546875,146.67578125,172.296875,408.150390625,2016-04-20,402.52
988,989,67.8,29.2,1.5,18.0,94425.0,-1332480.0,3577,69.47475264672369,26.667461949810907,1.9960120374978076,4,2016,112,0.3271946967961522,0.3020566242501205,11.754864917879495,-0.010475396026107475,1055,7.273184700698842,-2.1249289848818407,3.619812657077299,-1.289641057705902,22.564703,130.89069,8.73151,28.502051964898758,1482.566156431686,68.8095703125,533.0517578125,296.07421875,38.65234375,1254.876953125,1595.1357421875,1238.6953125,2.4085503651788374,14.783354301311029,16.49484127317502,31.943375639691222,36.931640625,223.6806640625,259.25390625,589.3837890625,24.201171875,147.1953125,171.796875,406.556640625,2016-04-21,402.52
989,990,67.8,29.35,1.35,17.75,94425.0,-1332480.0,3577,67.54987145206724,27.80313575742727,2.8337612851540506,4,2016,119,0.3271946967961522,0.3202822309233318,11.683877734314635,-0.009870727028982174,1062,7.273184700698842,-2.1249289848818407,3.619812657077299,-1.289641057705902,22.564703,130.89069,8.73151,28.502051964898758,1482.566156431686,64.9267578125,478.2548828125,361.2998046875,38.482421875,1221.9267578125,1628.255859375,1181.8037109375,2.387236123290479,14.57067245656549,17.191904666489865,35.00371601718308,36.482421875,219.79296875,260.6123046875,591.318359375,25.37109375,142.6943359375,171.396484375,397.888671875,2016-04-28,402.52
990,991,74.25,21.5,2.0,22.0,94365.0,-1332480.0,3577,69.62434057169858,27.459628194299015,1.0306270612770612,5,2016,127,0.40471456356112473,0.340966867022661,11.608692849968236,-0.00900113547167436,1070,7.273184700698842,-2.1249289848818407,3.619812657077299,-1.289641057705902,22.564703,130.89069,8.73151,28.502051964898758,1482.566156431686,66.759765625,386.7734375,469.42578125,40.30078125,1170.3203125,1675.00390625,1160.828125,1.892783396915911,10.745818689023361,17.034974269320905,38.030166701195114,35.939453125,213.619140625,255.6953125,593.0703125,24.2861328125,153.076171875,170.0361328125,390.9951171875,2016-05-06,402.52
991,992,65.7,29.25,3.1,17.4,94425.0,-1332480.0,3577,67.61627909842844,29.154029609017513,1.4315631908509032,5,2016,136,0.40471456356112473,0.36404080980857667,11.533633476424582,-0.007769689740264596,1079,7.273184700698842,-2.1249289848818407,3.619812657077299,-1.289641057705902,22.564703,130.89069,8.73151,28.502051964898758,1482.566156431686,121.02734375,283.5732421875,545.5341796875,68.494140625,1161.4580078125,1683.4345703125,1123.7255859375,2.067295101261572,10.30824217683557,11.983994630968596,38.064683446006796,34.478515625,203.5537109375,245.6630859375,589.0517578125,24.935546875,149.06640625,177.572265625,389.64453125,2016-05-15,402.52
992,993,61.95,35.3,1.35,17.6,94425.0,-1332480.0,3577,63.10116414802005,31.677715383167303,3.61688533344826,5,2016,144,0.40471456356112473,0.38436561199709685,11.477320682725185,-0.006438385064290841,1087,7.273184700698842,-2.1249289848818407,3.619812657077299,-1.289641057705902,22.564703,130.89069,8.73151,28.502051964898758,1482.566156431686,89.84765625,244.017578125,621.5478515625,71.2646484375,1144.1923828125,1671.7861328125,1152.64453125,1.953575618267623,13.479028009455735,12.9793126811223,32.23100529326595,35.189453125,214.5234375,237.953125,572.978515625,24.076171875,145.8349609375,172.912109375,400.10546875,2016-05-23,402.52
993,994,59.55,34.85,4.0,16.6,94425.0,-1332480.0,3577,59.206008375001076,34.7883954152091,4.471943897175425,5,2016,152,0.40471456356112473,0.40450577605908317,11.432636279398498,-0.0048926266063737955,1095,7.273184700698842,-2.1249289848818407,3.619812657077299,-1.289641057705902,22.564703,130.89069,8.73151,28.502051964898758,1482.566156431686,84.0927734375,205.2724609375,630.2890625,72.048828125,1180.77734375,1651.13671875,1173.275390625,1.9902274488623355,11.491763436407592,15.328052652444278,28.857377066517092,35.2890625,212.0244140625,249.8330078125,554.9833984375,23.326171875,143.1552734375,169.3515625,400.736328125,2016-05-31,402.52
994,995,57.1,34.35,6.8,14.45,94425.0,-1332480.0,3577,55.53329424272867,38.78873998378063,4.185220988161539,6,2016,159,0.479425538604203,0.42196935074219,11.404332569636416,-0.003388715291672284,1102,7.273184700698842,-2.1249289848818407,3.619812657077299,-1.289641057705902,22.564703,130.89069,8.73151,28.502051964898758,1482.566156431686,69.849609375,182.734375,635.5615234375,107.125,1182.0263671875,1650.9697265625,1173.3603515625,1.9798883441658088,12.0490995598888,13.481990885269926,32.20143508799278,35.1787109375,210.2939453125,247.3134765625,559.1533203125,23.2578125,140.3955078125,166.4814453125,392.515625,2016-06-07,402.52
995,996,57.2,41.1,0.6,16.35,94425.0,-1332480.0,3577,51.69877847899521,40.515504864066926,6.338995936982606,6,2016,160,0.479425538604203,0.4244516272420487,11.401168156168831,-0.0031644134675854474,1103,7.273184700698842,-2.1249289848818407,3.619812657077299,-1.289641057705902,22.564703,130.89069,8.73151,28.502051964898758,1482.566156431686,63.8740234375,181.1357421875,643.1357421875,107.125,1182.0263671875,1650.9697265625,1173.3603515625,2.137925237936609,11.955158127980445,13.611593896644322,32.640530731786924,35.6494140625,210.533203125,246.8935546875,559.494140625,23.818359375,140.376953125,166.4619140625,390.5751953125,2016-06-08,402.52
996,997,30.3125,46.4375,22.25,19.0625,94436.25,-1332480.0,3577,48.41034634869051,41.074787557637464,9.093460564202239,6,2016,167,0.479425538604203,0.44173731510172215,11.385448178468641,-0.0015461462800860915,1110,7.273184700698842,-2.1249289848818407,3.619812657077299,-1.289641057705902,22.564703,130.89069,8.73151,28.502051964898758,1482.566156431686,14.48046875,189.3525390625,669.970703125,121.466796875,1182.0263671875,1650.9697265625,1173.3603515625,2.0224830591213134,13.353816199281848,14.093083365917053,33.272811947308945,34.4091796875,205.193359375,246.1826171875,568.4345703125,23.408203125,139.537109375,164.1953125,384.125,2016-06-15,402.52
997,998,56.3888888888889,38.5555555555556,3.11111111111111,17.1111111111111,94420.0,-1332485.0,3577,45.970746071087504,40.153659932253014,12.390722297995989,6,2016,168,0.479425538604203,0.4441935841357956,11.384138332396772,-0.0013098460718694582,1111,7.273184700698842,-2.1249289848818407,3.619812657077299,-1.289641057705902,22.564703,130.89069,8.73151,28.502051964898758,1482.566156431686,14.48046875,188.162109375,656.5263671875,136.1015625,1182.0263671875,1650.9697265625,1173.3603515625,1.703536231267483,13.515881474091977,13.671771384288242,33.16560307972836,33.208984375,204.283203125,246.0732421875,567.5146484375,23.427734375,139.8173828125,163.5556640625,382.876953125,2016-06-16,402.52
998,999,49.0,42.8,6.4,13.85,94425.0,-1332480.0,3577,43.08735413192973,39.95385373140195,15.426214033642072,7,2016,184,0.5508090958869698,0.4830279836950298,11.395481630938093,0.0024705589569382624,1127,7.273184700698842,-2.1249289848818407,3.619812657077299,-1.289641057705902,22.564703,130.89069,8.73151,28.502051964898758,1482.566156431686,4.81640625,131.79296875,622.3779296875,236.171875,1181.681640625,1651.42578125,1173.3603515625,2.0759835891229352,12.565931047044817,14.541504133206143,32.93866480128972,33.2314453125,207.6650390625,240.0029296875,552.9833984375,19.91796875,132.607421875,143.7666015625,371.896484375,2016-07-02,402.52
999,1000,38.95,33.3,26.25,17.0,94425.0,-1332480.0,3577,41.22383585196437,39.146626451458076,18.08082083035373,7,2016,191,0.5508090958869698,0.49973055152418083,11.41904718212103,0.0040231307803786365,1134,7.273184700698842,-2.1249289848818407,3.619812657077299,-1.289641057705902,22.564703,130.89069,8.73151,28.502051964898758,1482.566156431686,0.0,135.5078125,607.341796875,252.3095703125,1181.681640625,1651.42578125,1173.3603515625,2.747465457709174,13.597101343159588,14.641914636167751,33.80839755020762,34.1611328125,202.74609375,240.896484375,546.9130859375,18.498046875,117.478515625,152.525390625,352.107421875,2016-07-09,402.52
1000,1001,35.85,35.25,27.5,16.6,94425.0,-1332480.0,3577,40.08625788125963,38.675443798541735,19.66943367949266,7,2016,192,0.5508090958869698,0.5021017714378186,11.423282634990363,0.00423545286933269,1135,7.273184700698842,-2.1249289848818407,3.619812657077299,-1.289641057705902,22.564703,130.89069,8.73151,28.502051964898758,1482.566156431686,0.0,135.5078125,607.341796875,252.3095703125,1181.681640625,1651.42578125,1173.2783203125,2.1950310805530235,13.993090091224078,14.878362665330075,33.77096778603676,34.3212890625,202.916015625,239.458984375,546.54296875,18.767578125,117.05859375,148.5654296875,352.1171875,2016-07-10,402.52
1001,1002,38.65,46.1,14.1,16.1,94425.0,-1332480.0,3577,39.21832624289469,39.066800446709465,20.182162780456977,7,2016,199,0.5508090958869698,0.5185937906461534,11.458637935679427,0.005641247993342091,1142,7.273184700698842,-2.1249289848818407,3.619812657077299,-1.289641057705902,22.564703,130.89069,8.73151,28.502051964898758,1482.566156431686,22.33203125,135.5078125,566.8515625,292.7998046875,1181.681640625,1651.42578125,1173.2783203125,1.7332440074119884,9.367946158958494,16.1881211717771,33.595743420308516,28.541015625,181.90625,237.2373046875,549.76953125,16.4384765625,123.96875,135.826171875,337.2177734375,2016-07-17,402.52
1002,1003,38.95,39.65,19.6,15.5,94425.0,-1332480.0,3577,38.72737087473351,40.6624636457393,19.17648177415693,7,2016,200,0.5508090958869698,0.5209343640072778,11.464467594201432,0.005829658522005232,1143,7.273184700698842,-2.1249289848818407,3.619812657077299,-1.289641057705902,22.564703,130.89069,8.73151,28.502051964898758,1482.566156431686,22.33203125,96.69140625,605.66796875,292.7998046875,1181.681640625,1651.42578125,1173.2783203125,1.699074780896472,8.936380956922141,16.167491021274767,33.72033483896926,29.021484375,175.56640625,239.2373046875,547.771484375,14.98828125,121.4189453125,135.736328125,334.2880859375,2016-07-18,402.52
1003,1004,40.05,40.7,17.65,14.9,94425.0,-1332480.0,3577,36.90557579245108,42.293473524233455,19.41570876663466,7,2016,207,0.5508090958869698,0.5372079123056154,11.510269379481299,0.0070542780109299486,1150,7.273184700698842,-2.1249289848818407,3.619812657077299,-1.289641057705902,22.564703,130.89069,8.73151,28.502051964898758,1482.566156431686,22.33203125,90.1455078125,549.0478515625,355.9658203125,1181.681640625,1651.42578125,1173.2783203125,2.188100625053332,11.318804359627581,10.635455737818614,35.346321727037875,35.8408203125,199.3759765625,204.587890625,547.005859375,21.23828125,102.7080078125,136.4072265625,326.2578125,2016-07-25,402.52
1004,1005,38.25,43.2,17.35,14.7,94425.0,-1332480.0,3577,38.811247627495696,43.05779334184264,16.707119299686468,7,2016,208,0.5508090958869698,0.5395167147704585,11.5174847940373,0.00721541455600061,1151,7.273184700698842,-2.1249289848818407,3.619812657077299,-1.289641057705902,22.564703,130.89069,8.73151,28.502051964898758,1482.566156431686,22.33203125,90.1455078125,549.0478515625,355.9658203125,1181.681640625,1651.42578125,1173.2783203125,2.1176223690734437,11.731529310424508,10.77386372982117,34.868260728809375,34.630859375,204.8955078125,201.3876953125,545.0986328125,19.23828125,110.498046875,129.947265625,323.2880859375,2016-07-26,402.52
1005,1006,37.6,46.7,14.4,14.5,94425.0,-1332480.0,3577,39.005082739751835,43.88496503495848,15.680264420819352,8,2016,215,0.618369803069737,0.5555639748167264,11.572211107004067,0.008245665443856964,1158,7.273184700698842,-2.1249289848818407,3.619812657077299,-1.289641057705902,22.564703,130.89069,8.73151,28.502051964898758,1482.566156431686,22.33203125,71.48046875,473.1044921875,450.57421875,1181.681640625,1651.42578125,1173.2783203125,2.502878555556806,15.326062524119244,13.84915167949795,30.763761793300464,34.728515625,202.38671875,239.5263671875,507.02734375,17.6474609375,121.658203125,129.736328125,304.669921875,2016-08-02,402.52
1006,1007,38.35,42.0,18.15,14.0,94425.0,-1332480.0,3577,38.03788780877996,43.844471627437215,16.727565004652284,8,2016,216,0.618369803069737,0.5578398973033405,11.580590128809972,0.00837902180590433,1159,7.273184700698842,-2.1249289848818407,3.619812657077299,-1.289641057705902,22.564703,130.89069,8.73151,28.502051964898758,1482.566156431686,22.33203125,71.48046875,466.2197265625,457.458984375,1181.681640625,1651.42578125,1173.2783203125,2.2562658880635986,15.511489367998632,14.53301644983484,30.211909374690315,35.3486328125,203.154296875,242.2060546875,505.427734375,17.7470703125,118.947265625,133.876953125,301.8095703125,2016-08-03,402.52
1007,1008,38.45,43.25,16.85,13.8,94425.0,-1332480.0,3577,36.62271211759829,44.95396522980991,17.09222433912581,8,2016,223,0.618369803069737,0.5736531604577998,11.642696456140063,0.009219410257097493,1166,7.273184700698842,-2.1249289848818407,3.619812657077299,-1.289641057705902,22.564703,130.89069,8.73151,28.502051964898758,1482.566156431686,22.33203125,14.48046875,439.8564453125,540.822265625,1181.681640625,1651.42578125,1173.2783203125,2.5146689814123913,14.24475410092031,17.76775525606223,28.577434803250387,34.21875,189.513671875,238.5029296875,508.396484375,20.38671875,107.5322265625,136.6943359375,299.9501953125,2016-08-10,402.52
1008,1009,34.8,46.4,17.6,13.2,94425.0,-1332525.0,3577,36.505171505475644,46.433001363954176,15.74088707989402,8,2016,224,0.618369803069737,0.5758951096788277,11.652023074112172,0.009326617972108764,1167,7.273184700698842,-2.1249289848818407,3.619812657077299,-1.289641057705902,22.564703,130.89069,8.73151,28.502051964898758,1482.566156431686,22.33203125,14.48046875,412.6826171875,567.99609375,1181.681640625,1651.42578125,1173.2783203125,2.478155370642093,14.047542226026353,18.152711984216584,29.267391249148535,35.05859375,192.0830078125,237.041015625,507.986328125,19.95703125,105.771484375,138.6337890625,300.25,2016-08-11,402.52
1009,1010,34.65,48.25,15.75,13.25,94425.0,-1332480.0,3577,36.50103271341115,46.2775422719626,15.834013509707745,8,2016,231,0.618369803069737,0.5914667797070804,11.720058376347582,0.009993482420028954,1174,7.273184700698842,-2.1249289848818407,3.619812657077299,-1.289641057705902,22.564703,130.89069,8.73151,28.502051964898758,1482.566156431686,0.0,28.7587890625,335.39453125,653.337890625,1181.681640625,1651.42578125,1173.2783203125,2.500866657565475,16.22785853739111,16.525697596668447,36.64623950354395,34.9892578125,210.333984375,227.1416015625,543.6396484375,15.20703125,115.9814453125,125.728515625,308.9365234375,2016-08-18,402.52
1010,1011,39.0,47.35,12.15,13.75,94425.0,-1332480.0,3577,35.93407196518113,47.312429366292264,15.348910996122335,8,2016,239,0.618369803069737,0.6089962754169406,11.802808772939885,0.010592672289243765,1182,7.273184700698842,-2.1249289848818407,3.619812657077299,-1.289641057705902,22.564703,130.89069,8.73151,28.502051964898758,1482.566156431686,7.572265625,28.7587890625,290.701171875,697.9990234375,1181.7138671875,1651.42578125,1173.2783203125,2.392448052312007,13.140972568582935,18.595453312759837,39.55698150783517,37.0185546875,209.572265625,244.9140625,532.8125,21.806640625,127.7314453125,130.4287109375,305.5673828125,2016-08-26,402.52
1011,1012,33.8333333333333,49.5,15.4166666666667,12.4166666666667,94417.5,-1332502.5,3577,35.15930777168641,48.786718699250116,14.711934298929014,8,2016,240,0.618369803069737,0.6111670640411674,11.813465341416963,0.010656568477077855,1183,7.273184700698842,-2.1249289848818407,3.619812657077299,-1.289641057705902,22.564703,130.89069,8.73151,28.502051964898758,1482.566156431686,9.2353515625,28.7587890625,289.0126953125,699.6875,1181.7138671875,1651.42578125,1173.2783203125,2.236824769065468,13.750279549621665,17.85054113931113,39.75811062440515,34.2392578125,213.662109375,242.9140625,534.6298828125,24.2373046875,127.1513671875,133.98828125,304.1865234375,2016-08-27,402.52
1012,1013,37.0,45.75,15.8,10.2,94425.0,-1332480.0,3577,35.15195338716484,48.69676492237684,14.793774491759903,9,2016,248,0.6816387600233341,0.6283668624009903,11.90075346628464,0.01108922455063599,1191,7.273184700698842,-2.1249289848818407,3.619812657077299,-1.289641057705902,22.564703,130.89069,8.73151,28.502051964898758,1482.566156431686,9.9267578125,22.3740234375,254.748046875,740.3369140625,1181.7138671875,1651.42578125,1173.2783203125,1.4614681019245894,13.945434110500731,16.296006638359128,39.2363372986184,33.2509765625,215.046875,247.5419921875,545.2529296875,25.3359375,125.9208984375,149.21875,301.6416015625,2016-09-04,402.52
1013,1014,39.55,46.2,12.75,12.55,94425.0,-1332480.0,3577,38.54570460498677,47.536410184235905,12.45202862153141,9,2016,255,0.6816387600233341,0.6431693540965963,11.979528962491102,0.01136398622936774,1198,7.273184700698842,-2.1249289848818407,3.619812657077299,-1.289641057705902,22.564703,130.89069,8.73151,28.502051964898758,1482.566156431686,32.255859375,22.33203125,232.9716796875,762.1552734375,1181.7138671875,1651.42578125,1173.2783203125,2.6449873101498564,14.5446069075348,15.40690221242532,39.11019932324817,37.44140625,216.927734375,248.2978515625,560.4833984375,23.42578125,131.4765625,151.2568359375,323.1513671875,2016-09-11,402.52
1014,1015,35.25,48.85,14.65,12.1,94425.0,-1332480.0,3577,40.76724418511735,45.72589090475404,12.070883399364572,9,2016,256,0.6816387600233341,0.6452648114885879,11.99092493799372,0.011395975502617617,1199,7.273184700698842,-2.1249289848818407,3.619812657077299,-1.289641057705902,22.564703,130.89069,8.73151,28.502051964898758,1482.566156431686,32.255859375,22.33203125,219.59375,775.533203125,1181.7138671875,1651.42578125,1173.1044921875,2.793279101039589,15.662820714454481,14.075935106853601,39.439886687328084,38.1611328125,221.2578125,246.75,560.2138671875,22.5458984375,132.65625,155.8955078125,321.931640625,2016-09-12,402.52
1015,1016,41.1,45.55,11.9,15.5,94425.0,-1332480.0,3577,43.34518337698805,41.93516259281886,13.330478035894004,9,2016,272,0.6816387600233341,0.6781228416014485,12.176208838131453,0.011674362908484781,1215,7.273184700698842,-2.1249289848818407,3.619812657077299,-1.289641057705902,22.564703,130.89069,8.73151,28.502051964898758,1482.566156431686,147.234375,31.6650390625,155.072265625,840.0546875,1181.7138671875,1627.5390625,1196.89453125,2.1879800691680384,12.625733757199484,12.100250354602844,37.77571554986541,37.0107421875,216.5771484375,241.9169921875,580.8408203125,24.166015625,145.3056640625,170.5419921875,357.4990234375,2016-09-28,402.52
1016,1017,50.1,35.75,12.75,13.9,94425.0,-1332480.0,3577,45.00195663468985,38.72910054341364,14.906311026432636,10,2016,280,0.7401768531960371,0.6940671385790956,12.269540356748509,0.011642211082726561,1223,7.273184700698842,-2.1249289848818407,3.619812657077299,-1.289641057705902,22.564703,130.89069,8.73151,28.502051964898758,1482.566156431686,151.3759765625,54.587890625,135.5078125,859.4365234375,1181.0595703125,1628.0556640625,1191.9609375,2.7320820440008493,12.109374278406836,15.16545866231088,34.91439479785605,35.9541015625,218.1279296875,254.568359375,575.77734375,24.0576171875,150.9541015625,169.4619140625,373.9248046875,2016-10-06,402.52
1017,1018,52.95,32.25,13.15,13.9,94425.0,-1332480.0,3577,47.857088628598504,34.210788282919395,16.534525175544374,10,2016,287,0.7401768531960371,0.7077451560938813,12.350546973176193,0.011503989543195203,1230,7.273184700698842,-2.1249289848818407,3.619812657077299,-1.289641057705902,22.564703,130.89069,8.73151,28.502051964898758,1482.566156431686,152.6162109375,32.255859375,157.83984375,859.2080078125,1181.2880859375,1628.0556640625,1179.673828125,2.793164846232397,17.762617677183005,14.841456322407685,31.301690726415544,38.083984375,223.9541015625,254.08203125,568.697265625,24.6279296875,146.0576171875,175.01171875,388.2353515625,2016-10-13,402.52
1018,1019,51.5,34.15,13.15,13.2,94425.0,-1332480.0,3577,50.07197222281613,31.574011669440388,16.980480200911103,10,2016,288,0.7401768531960371,0.7096780257714862,12.362021711595915,0.011474738419721575,1231,7.273184700698842,-2.1249289848818407,3.619812657077299,-1.289641057705902,22.564703,130.89069,8.73151,28.502051964898758,1482.566156431686,152.6162109375,32.255859375,157.83984375,859.2080078125,1181.2880859375,1628.0556640625,1179.673828125,2.8523842735845033,17.60495175067537,15.749133782039411,30.992968338645113,37.1337890625,225.494140625,253.6953125,569.0869140625,23.2177734375,146.41796875,174.0830078125,389.5458984375,2016-10-14,402.52
1019,1020,41.375,24.875,32.75,18.75,94387.5,-1332480.0,3577,51.567087943009035,28.42914817380337,18.683221113249278,10,2016,295,0.7401768531960371,0.7230581526221209,12.441301133636614,0.011194037060816342,1238,7.273184700698842,-2.1249289848818407,3.619812657077299,-1.289641057705902,22.564703,130.89069,8.73151,28.502051964898758,1482.566156431686,54.2939453125,130.7216796875,112.4775390625,904.4814453125,1181.376953125,1623.9072265625,1183.822265625,2.5628103722195474,16.25765273452344,20.457336024259874,34.64185176608167,38.32421875,225.25390625,262.6279296875,580.865234375,25.6982421875,141.287109375,169.6357421875,393.0869140625,2016-10-21,402.52
1020,1021,60.0,26.3,11.85,13.6,94425.0,-1332480.0,3577,58.799175128268516,28.03366710688273,11.981175171575854,11,2016,312,0.793577803248942,0.7544360607860527,12.620800483718064,0.009820089165343049,1255,7.273184700698842,-2.1249289848818407,3.619812657077299,-1.289641057705902,22.564703,130.89069,8.73151,28.502051964898758,1482.566156431686,36.4521484375,184.8720703125,59.783203125,955.357421875,1102.9033203125,1687.4072265625,1195.244140625,2.2877460250258927,14.076086061131921,17.57658701648251,41.86179656354557,37.572265625,228.9541015625,262.8466796875,593.173828125,26.8662109375,150.2294921875,173.5673828125,386.13671875,2016-11-07,402.52
1021,1022,57.9,31.6,8.95,14.3,94425.0,-1332480.0,3577,62.323816276593334,25.297479919457565,10.297908592953497,11,2016,320,0.793577803248942,0.7686399738142345,12.694722434512105,0.00874426938151629,1263,7.273184700698842,-2.1249289848818407,3.619812657077299,-1.289641057705902,22.564703,130.89069,8.73151,28.502051964898758,1482.566156431686,90.357421875,184.8720703125,28.7587890625,958.2548828125,1129.5498046875,1658.71875,1185.34375,1.7203783051499566,14.448802240754516,15.765529138178351,38.550645613049895,35.671875,228.7119140625,264.9248046875,595.232421875,22.8662109375,159.724609375,176.3037109375,397.4189453125,2016-11-15,402.52
1022,1023,70.1,21.2,7.0,14.35,94425.0,-1332480.0,3577,63.328447249335625,23.744102491931756,10.68925934746209,11,2016,335,0.793577803248942,0.7942718851028194,12.804256814695966,0.0058645928289795535,1278,7.273184700698842,-2.1249289848818407,3.619812657077299,-1.289641057705902,22.564703,130.89069,8.73151,28.502051964898758,1482.566156431686,121.8671875,193.4130859375,36.4814453125,931.3154296875,1129.32421875,1556.12109375,1254.3779296875,1.5541003111012357,10.337678654431395,17.410534520379606,37.014102157483734,36.1416015625,214.1416015625,260.9638671875,605.0244140625,24.4658203125,148.146484375,175.83203125,408.6787109375,2016-11-30,402.52
1023,1024,65.6,27.45,5.4,15.8,94425.0,-1332480.0,3577,63.73340622225118,22.6497824157233,11.866259282511383,12,2016,343,0.8414709848078965,0.8073964843387994,12.84248776970657,0.0038961828357582107,1286,7.273184700698842,-2.1249289848818407,3.619812657077299,-1.289641057705902,22.564703,130.89069,8.73151,28.502051964898758,1482.566156431686,135.1220703125,196.7412109375,54.587890625,891.810546875,1077.7314453125,1561.0302734375,1317.8623046875,2.407643001701036,12.96350263665793,12.308639553841246,37.69074396068247,37.96875,219.8046875,252.9423828125,597.1220703125,26.5673828125,149.130859375,173.892578125,407.294921875,2016-12-08,402.52
1024,1025,70.45,15.5,11.95,13.15,94425.0,-1332480.0,3577,64.13248861560596,21.368851530303445,13.357489517704243,12,2016,344,0.8414709848078965,0.8090099158228746,12.84612065179343,0.0036328820868600786,1287,7.273184700698842,-2.1249289848818407,3.619812657077299,-1.289641057705902,22.564703,130.89069,8.73151,28.502051964898758,1482.566156431686,135.1220703125,196.7412109375,54.587890625,888.1455078125,1079.6796875,1562.7470703125,1313.50390625,2.7266853961015576,13.711123361859086,12.111945757301859,37.45459135217053,38.939453125,221.9345703125,253.3994140625,595.021484375,26.8466796875,151.271484375,173.9228515625,405.015625,2016-12-09,402.52
1025,1026,70.6,20.5,6.75,16.35,94425.0,-1332480.0,3577,63.75731195344653,21.252094162518794,14.638857736688363,12,2016,351,0.8414709848078965,0.8201332336486015,12.863931981873199,0.0017107000126177496,1294,7.273184700698842,-2.1249289848818407,3.619812657077299,-1.289641057705902,22.564703,130.89069,8.73151,28.502051964898758,1482.566156431686,120.6015625,242.9736328125,54.587890625,879.931640625,1085.646484375,1525.3544921875,1335.3515625,1.3405995884311541,11.6796933510571,16.437808757960642,32.84267618484047,33.888671875,219.833984375,260.8740234375,583.9775390625,25.4267578125,149.8427734375,178.1181640625,397.9375,2016-12-16,402.52
1026,1027,35.5,12.5,51.5,9.0,94470.0,-1332435.0,3577,64.53449073207467,19.087645392413158,16.49980370506439,12,2016,359,0.8414709848078965,0.8324760146661249,12.867337106426614,-0.0005797411773436068,1302,7.273184700698842,-2.1249289848818407,3.619812657077299,-1.289641057705902,22.564703,130.89069,8.73151,28.502051964898758,1482.566156431686,189.1123046875,122.5244140625,178.8994140625,813.4814453125,1096.1416015625,1538.8447265625,1262.4013671875,1.5720355289005572,6.3127113404692965,12.29387181153001,32.9701789773816,35.689453125,194.853515625,252.26171875,587.8447265625,25.1474609375,150.90234375,174.4697265625,402.2744140625,2016-12-24,402.52
1027,1028,72.375,33.375,0.0,12.25,94410.0,-1332510.0,3577,69.14036499900227,17.9434923341947,13.184986324303239,1,2017,25,0.08323691620031025,0.0684396094589796,12.716137184989554,-0.008232141804773718,1334,7.273184700698842,-2.1249289848818407,3.619812657077299,-1.289641057705902,22.564703,130.89069,8.73151,28.502051964898758,1482.566156431686,249.0283203125,267.091796875,202.74609375,663.0185546875,857.484375,1546.4775390625,1457.703125,0.7262720931089481,5.702922113811722,9.182904284926977,16.57066494754921,31.1376953125,195.6591796875,236.685546875,527.36328125,23.50390625,146.693359375,178.216796875,402.6513671875,2017-01-25,404.71
1028,1029,84.5454545454545,14.1818181818182,0.0,19.8181818181818,94419.5454545455,-1332505.90909091,3577,73.72113898624897,17.455283282715243,9.001936608282016,2,2017,57,0.16589613269341502,0.1555304187629216,12.386981092120521,-0.011512077686830935,1366,7.273184700698842,-2.1249289848818407,3.619812657077299,-1.289641057705902,22.564703,130.89069,8.73151,28.502051964898758,1482.566156431686,449.833984375,427.6640625,308.419921875,335.3984375,962.5419921875,1274.9208984375,1805.984375,1.5134537331911038,9.209629230730904,7.373755190638681,15.450781955776062,35.3935546875,209.173828125,231.59765625,523.8837890625,25.248046875,146.77734375,170.6669921875,394.4189453125,2017-02-26,404.71
1029,1030,83.75,12.1,2.05,16.6,94425.0,-1332480.0,3577,79.21741130151148,16.417072804292424,4.073523638383713,2,2017,58,0.16589613269341502,0.15823621824886697,12.375429141482254,-0.011551950638267527,1367,7.273184700698842,-2.1249289848818407,3.619812657077299,-1.289641057705902,22.564703,130.89069,8.73151,28.502051964898758,1482.566156431686,433.880859375,442.9638671875,309.0732421875,328.79296875,968.796875,1266.7548828125,1814.5009765625,1.6834950886644886,10.09364774101532,7.19098550580448,14.889265318426526,35.8642578125,212.763671875,233.0576171875,518.9892578125,25.1181640625,149.677734375,168.0263671875,394.6533203125,2017-02-27,404.71
1030,1031,81.3333333333333,16.8666666666667,0.466666666666667,20.4666666666667,94425.0,-1332495.0,3577,83.01085757987838,15.918473980749962,0.009415300901369439,3,2017,73,0.24740395925452294,0.19866933079506122,12.199152431528926,-0.011843150898656063,1382,7.273184700698842,-2.1249289848818407,3.619812657077299,-1.289641057705902,22.564703,130.89069,8.73151,28.502051964898758,1482.566156431686,222.3388671875,676.556640625,361.859375,292.8154296875,947.185546875,1255.7451171875,1832.6689453125,1.3109079478962262,6.362028535497094,8.840319729168007,21.35316215004291,34.9541015625,201.4931640625,236.4775390625,547.013671875,25.275390625,150.8193359375,170.6083984375,392.548828125,2017-03-14,404.71
1031,1032,84.05,11.8,2.0,19.2,94425.0,-1332480.0,3577,83.91579936386591,15.724779758657231,0.0,3,2017,74,0.24740395925452294,0.20135369573249767,12.187307790749482,-0.011844640779443694,1383,7.273184700698842,-2.1249289848818407,3.619812657077299,-1.289641057705902,22.564703,130.89069,8.73151,28.502051964898758,1482.566156431686,241.1962890625,675.7236328125,363.396484375,287.5595703125,907.7880859375,1288.6796875,1822.146484375,1.3656649999053319,6.917801030521405,8.130379511219056,22.006032913122887,35.4541015625,204.2734375,234.177734375,551.1435546875,25.025390625,151.279296875,170.6357421875,392.3486328125,2017-03-15,404.71
1032,1033,75.6666666666667,22.3333333333333,0.666666666666667,19.3333333333333,94455.0,-1332435.0,3577,80.61685917280688,18.139604487357193,0.0,4,2017,105,0.3271946967961522,0.2837199249069785,11.829690715511916,-0.010951923117453077,1414,7.273184700698842,-2.1249289848818407,3.619812657077299,-1.289641057705902,22.564703,130.89069,8.73151,28.502051964898758,1482.566156431686,325.62109375,777.6376953125,385.4951171875,342.7119140625,899.998046875,1282.6474609375,1565.7041015625,1.5299147262866324,7.188232613342857,11.899973563247961,18.96297543582522,34.751953125,187.7021484375,242.203125,546.765625,24.630859375,145.5263671875,175.607421875,402.0791015625,2017-04-15,404.71
1033,1034,73.8,21.55,2.5,19.45,94425.0,-1332480.0,3577,71.51179212942851,21.194156256536985,5.000111137571687,4,2017,113,0.3271946967961522,0.30466724073398044,11.744467662273346,-0.010397255606148903,1422,7.273184700698842,-2.1249289848818407,3.619812657077299,-1.289641057705902,22.564703,130.89069,8.73151,28.502051964898758,1482.566156431686,235.9873046875,775.08984375,464.166015625,319.66796875,936.8349609375,1255.046875,1595.1357421875,1.7785885352410467,9.518075736580766,8.680021448169429,23.76971689947937,34.6318359375,205.5107421875,222.50390625,554.09765625,23.7509765625,148.9853515625,169.7578125,403.5478515625,2017-04-23,404.71
1034,1035,70.2,24.85,2.8,19.0,94425.0,-1332480.0,3577,69.2389870964845,26.904460477598864,2.292870596895022,5,2017,122,0.40471456356112473,0.32805753461442005,11.654864667171191,-0.009568134491058089,1431,7.273184700698842,-2.1249289848818407,3.619812657077299,-1.289641057705902,22.564703,130.89069,8.73151,28.502051964898758,1482.566156431686,129.599609375,757.48828125,589.91796875,311.6240234375,948.921875,1210.3525390625,1639.830078125,1.9090687036771008,9.642192663684517,12.207346303724938,24.549999920757074,33.9990234375,193.83203125,241.783203125,536.9208984375,22.49609375,141.31640625,171.20703125,395.8564453125,2017-05-02,404.71
1035,1036,66.5,28.65,3.05,18.6,94425.0,-1332480.0,3577,67.102406056266,29.312287918475484,1.7144994840038685,5,2017,129,0.40471456356112473,0.34611282020695194,11.59106347257106,-0.008751423933976099,1438,7.273184700698842,-2.1249289848818407,3.619812657077299,-1.289641057705902,22.564703,130.89069,8.73151,28.502051964898758,1482.566156431686,127.9111328125,609.0517578125,708.923828125,322.4326171875,969.2353515625,1170.3203125,1674.91796875,1.9111689852261502,11.859888021273958,11.551261367361617,23.755694858551642,34.2490234375,206.4541015625,227.8310546875,532.630859375,22.3662109375,139.0546875,163.8125,390.4765625,2017-05-09,404.71
1036,1037,59.05,37.7,1.8,18.15,94425.0,-1332480.0,3577,63.56564802585525,32.717353338091485,1.864691448901694,5,2017,137,0.40471456356112473,0.3665911745948919,11.526017975423333,-0.007615501001248859,1446,7.273184700698842,-2.1249289848818407,3.619812657077299,-1.289641057705902,22.564703,130.89069,8.73151,28.502051964898758,1482.566156431686,8.4873046875,590.2451171875,808.1513671875,312.0419921875,1018.62890625,1144.1875,1700.005859375,1.7258607270362922,12.470528579075177,14.129376493168905,26.893608343518494,34.2490234375,202.443359375,240.3740234375,538.7744140625,21.4560546875,124.6162109375,160.8115234375,382.15625,2017-05-17,404.71
1037,1038,62.8,32.8,2.5,17.5,94425.0,-1332480.0,3577,59.99481524666386,35.75122462676108,2.5633561484950853,5,2017,138,0.40471456356112473,0.3691387877133873,11.518560174004945,-0.007457801418388144,1447,7.273184700698842,-2.1249289848818407,3.619812657077299,-1.289641057705902,22.564703,130.89069,8.73151,28.502051964898758,1482.566156431686,8.4873046875,589.2294921875,809.1669921875,312.0419921875,1018.62890625,1144.1875,1689.1943359375,1.8111792010999452,11.730458772884846,14.753698863623663,27.261891474277732,34.939453125,203.373046875,239.7939453125,538.0322265625,21.755859375,126.6259765625,156.912109375,380.7109375,2017-05-18,404.71
1038,1039,58.2,35.8,4.1,16.8,94425.0,-1332480.0,3577,57.03098475311245,37.26912318846746,4.045671562698825,5,2017,145,0.40471456356112473,0.38689342918209935,11.471064207232777,-0.0062564754924085975,1454,7.273184700698842,-2.1249289848818407,3.619812657077299,-1.289641057705902,22.564703,130.89069,8.73151,28.502051964898758,1482.566156431686,5.80859375,486.005859375,910.8642578125,308.193359375,1026.677734375,1144.1923828125,1651.3095703125,2.2170136564405,12.90001854691161,13.541637973984791,29.80824403417646,34.19921875,213.86328125,238.3125,536.04296875,22.3759765625,139.9365234375,148.3818359375,366.416015625,2017-05-25,404.71
1039,1040,58.2,39.3,1.2,16.8,94425.0,-1332450.0,3577,52.649397506510375,39.298218499760615,6.583301373548073,5,2017,146,0.40471456356112473,0.3894183423086505,11.46499298200285,-0.006071225229927535,1455,7.273184700698842,-2.1249289848818407,3.619812657077299,-1.289641057705902,22.564703,130.89069,8.73151,28.502051964898758,1482.566156431686,5.80859375,481.5830078125,877.5205078125,345.9599609375,1026.677734375,1144.1923828125,1651.3095703125,2.06871698313879,13.06868366480256,13.419559763982837,30.39284465755972,35.0986328125,212.193359375,240.5927734375,536.2099609375,23.1259765625,139.896484375,151.271484375,361.4609375,2017-05-26,404.71
1040,1041,43.9,41.85,12.85,11.15,94425.0,-1332480.0,3577,48.84251491541784,40.184321251497906,9.54927054369637,6,2017,153,0.479425538604203,0.407009831352486,11.427950629541279,-0.004685649857218976,1,12.809476883623567,-2.1249289848818407,3.619812657077299,-1.289641057705902,22.564703,130.89069,8.73151,28.502051964898758,1482.566156431686,0.0029296875,467.837890625,850.1533203125,391.267578125,991.703125,1180.77734375,1651.13671875,2.6982564456641205,14.414638995309456,15.13740064794135,32.18529353892987,32.30859375,201.6044921875,247.2919921875,547.875,23.0576171875,138.2353515625,163.0224609375,351.0556640625,2017-06-02,404.71
1041,1042,42.5,42.0,14.1666666666667,19.0,94415.0,-1332520.0,3577,45.677977904441676,40.41656810680975,12.490323247442133,6,2017,169,0.479425538604203,0.44664651901106794,11.383065601040142,-0.0010727313566292196,17,12.809476883623567,-2.1249289848818407,3.619812657077299,-1.289641057705902,22.564703,130.89069,8.73151,28.502051964898758,1482.566156431686,0.0,283.05859375,965.9677734375,455.4189453125,995.2705078125,1182.0263671875,1650.9697265625,1.915844521859695,12.641950547023344,14.32311407644223,36.82636282826827,33.869140625,188.49609375,217.6923828125,546.9736328125,20.087890625,114.0078125,149.90625,372.791015625,2017-06-18,404.71
1042,1043,46.1,38.65,13.75,17.5,94425.0,-1332480.0,3577,43.74892228513866,41.068041401317004,13.798842952710869,6,2017,170,0.479425538604203,0.4490961013155793,11.382230637418811,-0.0008349636213313971,18,12.809476883623567,-2.1249289848818407,3.619812657077299,-1.289641057705902,22.564703,130.89069,8.73151,28.502051964898758,1482.566156431686,0.0,268.5498046875,967.240234375,468.6552734375,995.2705078125,1181.57421875,1651.421875,2.136805659829626,12.316643666257722,14.43412686775324,36.66492846912138,33.69921875,192.7158203125,213.962890625,544.3037109375,20.9677734375,113.2578125,147.2265625,374.29296875,2017-06-19,404.71
1043,1044,42.5,41.95,14.15,15.6,94425.0,-1332480.0,3577,42.426393111526096,42.36810743435498,13.824184484244345,6,2017,178,0.479425538604203,0.46856986613713103,11.38413470086306,0.0010709507385637806,26,12.809476883623567,-2.1249289848818407,3.619812657077299,-1.289641057705902,22.564703,130.89069,8.73151,28.502051964898758,1482.566156431686,0.0,206.2080078125,979.0693359375,519.16796875,995.1591796875,1181.681640625,1651.42578125,1.9398841712823476,12.543126303865069,15.085288440458708,35.582168189392306,32.388671875,199.09375,230.064453125,509.3544921875,19.0478515625,121.267578125,139.3359375,350.548828125,2017-06-27,404.71
1044,1045,41.8571428571429,42.5714285714286,14.2857142857143,21.2857142857143,94437.8571428571,-1332443.57142857,3577,43.14406398554362,41.94087367739993,13.412314414170002,7,2017,185,0.5508090958869698,0.4854250854422403,11.398180245004923,0.0026986140668299186,33,12.809476883623567,-2.1249289848818407,3.619812657077299,-1.289641057705902,22.564703,130.89069,8.73151,28.502051964898758,1482.566156431686,0.0,129.3232421875,1005.3134765625,569.80859375,995.1591796875,1181.681640625,1651.42578125,1.6604308430696562,11.470604614845657,14.483010475147417,33.31105134231048,32.94140625,195.267578125,231.482421875,507.515625,23.1376953125,119.0078125,140.3154296875,326.1376953125,2017-07-04,404.71
1045,1046,46.8,42.3,9.15,15.8,94425.0,-1332480.0,3577,44.98759992654547,42.303767781828924,11.105718080190925,7,2017,186,0.5508090958869698,0.48781854354312465,11.401105042376106,0.0029247973711825637,34,12.809476883623567,-2.1249289848818407,3.619812657077299,-1.289641057705902,22.564703,130.89069,8.73151,28.502051964898758,1482.566156431686,0.0,129.2392578125,1003.599609375,571.6064453125,995.1591796875,1181.681640625,1651.42578125,2.027631904897688,11.418191746003373,14.21759606634668,33.15917085170886,34.2314453125,195.080078125,231.251953125,507.49609375,24.7578125,125.1376953125,136.60546875,323.337890625,2017-07-05,404.71
1046,1047,46.3,42.35,9.65,15.75,94425.0,-1332480.0,3577,46.44234621496433,42.840722752880275,9.158747395669607,7,2017,193,0.5508090958869698,0.5044692225283575,11.427727711835335,0.0044450768449717515,41,12.809476883623567,-2.1249289848818407,3.619812657077299,-1.289641057705902,22.564703,130.89069,8.73151,28.502051964898758,1482.566156431686,0.0,15.6279296875,1096.1181640625,592.69921875,995.1591796875,1181.681640625,1651.42578125,2.1695115602269164,11.014353170785188,13.445823650901062,32.9426400503023,34.1513671875,203.595703125,229.3115234375,524.78515625,23.59765625,127.9287109375,149.8955078125,312.716796875,2017-07-12,404.71
1047,1048,45.4,45.9,7.3,15.65,94425.0,-1332480.0,3577,45.651546799291324,43.32587523279397,9.440931161607606,7,2017,201,0.5508090958869698,0.5232710271860929,11.470482374524018,0.006014780322585622,49,12.809476883623567,-2.1249289848818407,3.619812657077299,-1.289641057705902,22.564703,130.89069,8.73151,28.502051964898758,1482.566156431686,0.0,5.927734375,1048.0361328125,628.1494140625,1017.4912109375,1181.681640625,1651.42578125,2.5765177013977794,13.235222312785348,13.490137148116402,31.525289582552226,34.5810546875,203.5849609375,237.5673828125,528.2236328125,20.5078125,121.298828125,151.5458984375,329.70703125,2017-07-20,404.71
1048,1049,44.0,42.35,12.05,14.3,94425.0,-1332480.0,3577,44.64968123777135,44.02051715596764,9.813486790216627,7,2017,202,0.5508090958869698,0.525603762643385,11.47667894179499,0.006196567270972508,50,12.809476883623567,-2.1249289848818407,3.619812657077299,-1.289641057705902,22.564703,130.89069,8.73151,28.502051964898758,1482.566156431686,0.0,5.80859375,1020.3583984375,655.9462890625,1017.4912109375,1181.681640625,1651.42578125,2.639666370866275,13.554739140923747,13.778781143059906,31.515388340155425,34.0712890625,203.8154296875,237.296875,529.4853515625,21.16796875,119.9482421875,151.896484375,330.4970703125,2017-07-21,404.71
1049,1050,46.5,42.55,9.45,14.85,94425.0,-1332480.0,3577,43.76145471767271,44.49078610813321,10.315223875031686,7,2017,209,0.5508090958869698,0.5418214675721206,11.524857848211,0.0073730541736996,57,12.809476883623567,-2.1249289848818407,3.619812657077299,-1.289641057705902,22.564703,130.89069,8.73151,28.502051964898758,1482.566156431686,0.0,0.0029296875,902.677734375,779.4326171875,1017.4912109375,1181.681640625,1651.42578125,1.8925952225047196,14.757212382964475,16.194405511790023,31.076573416868655,33.2412109375,205.8759765625,237.88671875,535.5302734375,18.8681640625,116.4580078125,141.1162109375,345.7880859375,2017-07-28,404.71
1050,1051,43.65,46.75,8.35,14.8,94425.0,-1332480.0,3577,43.16508476857351,45.105101945465094,10.392754125455847,7,2017,210,0.5508090958869698,0.5441221534109104,11.532385043086212,0.007527194875212473,58,12.809476883623567,-2.1249289848818407,3.619812657077299,-1.289641057705902,22.564703,130.89069,8.73151,28.502051964898758,1482.566156431686,0.0,0.0029296875,895.951171875,786.1591796875,1017.4912109375,1181.681640625,1651.42578125,2.0541852795200293,13.742502585334154,17.10183973823045,31.274686068653253,33.021484375,205.345703125,238.1875,535.7119140625,21.2275390625,116.2880859375,141.7958984375,344.498046875,2017-07-29,404.71
1051,1052,37.8,44.6,16.35,11.15,94425.0,-1332480.0,3577,42.819417025855145,45.09699344161763,10.755414977720687,8,2017,217,0.618369803069737,0.5601116325912429,11.589099115027311,0.008508986217339753,65,12.809476883623567,-2.1249289848818407,3.619812657077299,-1.289641057705902,22.564703,130.89069,8.73151,28.502051964898758,1482.566156431686,0.0,0.0029296875,822.6796875,859.4306640625,1017.4912109375,1181.681640625,1651.42578125,2.1919076384526734,12.112836853291032,15.796687864854183,34.84884855330085,33.728515625,200.1806640625,238.3671875,543.576171875,20.4169921875,117.515625,137.515625,333.55859375,2017-08-05,404.71
1052,1053,42.6842105263158,46.8421052631579,8.94736842105263,13.5789473684211,94421.8421052632,-1332482.36842105,3577,42.853585725006724,45.45062916551564,10.326067610081058,8,2017,226,0.618369803069737,0.5803660231565494,11.670985650307431,0.009531833056424688,74,12.809476883623567,-2.1249289848818407,3.619812657077299,-1.289641057705902,22.564703,130.89069,8.73151,28.502051964898758,1482.566156431686,0.0,0.0,598.7578125,1083.35546875,1017.4912109375,1181.681640625,1651.42578125,2.3764050702832247,15.012451111939004,14.578566362962635,37.05696279577626,34.8291015625,209.921875,237.6044921875,542.5673828125,19.447265625,117.662109375,139.26953125,320.0478515625,2017-08-14,404.71
1053,1054,44.15,47.0,7.75,13.85,94425.0,-1332480.0,3577,42.61656090364921,46.01248816361377,9.997887056725387,8,2017,233,0.618369803069737,0.5958761215123557,11.740294435630053,0.010158651597647506,81,12.809476883623567,-2.1249289848818407,3.619812657077299,-1.289641057705902,22.564703,130.89069,8.73151,28.502051964898758,1482.566156431686,0.0,0.0,491.814453125,1182.7265625,1025.0634765625,1181.681640625,1651.42578125,2.3330230760926667,14.069593025947622,17.388856182222227,34.53368942050844,35.869140625,216.193359375,244.7509765625,541.984375,17.9873046875,115.7822265625,137.109375,317.521484375,2017-08-21,404.71
1054,1055,46.1,43.9,8.35,13.35,94425.0,-1332480.0,3577,42.7212416148233,46.331855841723446,9.501288470368035,8,2017,234,0.618369803069737,0.5980740916275851,11.75053170140469,0.010237265774636128,82,12.809476883623567,-2.1249289848818407,3.619812657077299,-1.289641057705902,22.564703,130.89069,8.73151,28.502051964898758,1482.566156431686,0.0,0.0,491.814453125,1182.7265625,1025.033203125,1181.7119140625,1651.42578125,2.7110191592398394,14.17735439575891,17.100418994680382,34.49822983355347,35.609375,217.423828125,243.55078125,544.3125,18.1767578125,115.892578125,134.359375,321.2001953125,2017-08-22,404.71
1055,1056,43.7,45.05,9.6,12.95,94425.0,-1332480.0,3577,42.80350647396611,46.118855252610786,9.51905471911033,8,2017,241,0.618369803069737,0.6133332651879557,11.824183522994854,0.010718181577891173,89,12.809476883623567,-2.1249289848818407,3.619812657077299,-1.289641057705902,22.564703,130.89069,8.73151,28.502051964898758,1482.566156431686,0.0,0.0,469.6123046875,1203.16796875,1026.7919921875,1181.7138671875,1651.42578125,2.878188002585183,16.016182130825683,16.88837355499875,36.17018708205517,33.5888671875,212.974609375,253.033203125,549.935546875,18.357421875,115.3720703125,134.0693359375,313.9443359375,2017-08-29,404.71
1056,1057,38.35,48.05,12.05,12.1,94425.0,-1332480.0,3577,42.8958486926078,46.73827323889359,8.780268769847059,8,2017,242,0.618369803069737,0.6154948625975961,11.834961080425812,0.01077755743095743,90,12.809476883623567,-2.1249289848818407,3.619812657077299,-1.289641057705902,22.564703,130.89069,8.73151,28.502051964898758,1482.566156431686,0.0,0.0,468.0927734375,1204.6875,1026.7919921875,1181.7138671875,1651.42578125,2.7865455164001984,16.41432584507082,17.029584656891505,36.531517437913536,34.6494140625,211.2841796875,252.93359375,552.373046875,15.216796875,111.47265625,138.279296875,312.302734375,2017-08-30,404.71
1057,1058,42.05,49.4,7.2,13.05,94425.0,-1332480.0,3577,42.69097347169057,47.463124052085504,8.251648205142164,9,2017,249,0.6816387600233341,0.6304957812967532,11.91188757029123,0.011134104006590206,97,12.809476883623567,-2.1249289848818407,3.619812657077299,-1.289641057705902,22.564703,130.89069,8.73151,28.502051964898758,1482.566156431686,0.0,0.0,414.9443359375,1234.9130859375,1049.71484375,1181.7138671875,1651.42578125,2.695306507768049,16.15130409480675,19.20087136147102,38.982535731842404,36.7314453125,217.3330078125,245.93359375,567.7021484375,19.5263671875,112.7578125,126.689453125,311.3125,2017-09-06,404.71
1058,1059,44.25,45.65,8.3,12.5,94425.0,-1332480.0,3577,42.11519642976566,47.508891271667295,8.749764582816885,9,2017,250,0.6816387600233341,0.6326199676319089,11.923064629424056,0.011177059132826628,98,12.809476883623567,-2.1249289848818407,3.619812657077299,-1.289641057705902,22.564703,130.89069,8.73151,28.502051964898758,1482.566156431686,0.0,0.0,414.9443359375,1234.9130859375,1049.71484375,1181.7138671875,1651.42578125,3.030593990373811,15.960949459388164,19.721275328889963,38.834094013786874,36.880859375,219.875,244.9541015625,567.0322265625,18.896484375,115.77734375,123.0888671875,310.79296875,2017-09-07,404.71
1059,1060,44.1,46.9,7.2,12.5,94425.0,-1332480.0,3577,42.94994980576871,48.0095047692988,7.399073486395178,9,2017,257,0.6816387600233341,0.6473554254622432,12.002351151525394,0.011426213531674279,105,12.809476883623567,-2.1249289848818407,3.619812657077299,-1.289641057705902,22.564703,130.89069,8.73151,28.502051964898758,1482.566156431686,0.0,0.0,297.2412109375,1352.6162109375,1049.71484375,1181.7138671875,1651.42578125,2.8227196514197157,17.51177234073914,18.991543449761977,41.454950347996444,38.28125,217.92578125,256.755859375,568.435546875,23.99609375,117.5361328125,134.673828125,299.5224609375,2017-09-14,404.71
1060,1061,43.05,49.6,6.05,12.95,94425.0,-1332480.0,3577,44.565125895769384,47.54184654354222,6.362417458701339,9,2017,265,0.6816387600233341,0.6639040987988447,12.09464333477965,0.011606443331222849,113,12.809476883623567,-2.1249289848818407,3.619812657077299,-1.289641057705902,22.564703,130.89069,8.73151,28.502051964898758,1482.566156431686,0.86328125,0.0,236.16015625,1313.900390625,1149.51171875,1181.7138671875,1627.5390625,2.8718773150577963,18.725997863968523,19.716652159405474,44.36300404572532,38.140625,226.1962890625,257.7666015625,573.41015625,23.2958984375,118.5166015625,144.552734375,297.92578125,2017-09-22,404.71
1061,1062,45.85,46.7,5.9,12.5,94425.0,-1332480.0,3577,45.680921864506374,46.673645240201736,6.087376864620538,9,2017,266,0.6816387600233341,0.6659504202533076,12.106264665188416,0.011621330408765118,114,12.809476883623567,-2.1249289848818407,3.619812657077299,-1.289641057705902,22.564703,130.89069,8.73151,28.502051964898758,1482.566156431686,0.9599609375,0.0,221.0908203125,1304.455078125,1174.0263671875,1181.7138671875,1627.5390625,2.860210923203044,18.110517215391624,20.002136723826318,45.19962026917146,38.4013671875,226.8955078125,259.7265625,573.72265625,22.67578125,120.3369140625,145.3125,298.5341796875,2017-09-23,404.71
1062,1063,48.25,43.35,6.65,11.2,94425.0,-1332480.0,3577,48.35216465680139,44.4133588805349,5.705239703536065,9,2017,273,0.6816387600233341,0.6801338518023718,12.187885834168023,0.01167699603657013,121,12.809476883623567,-2.1249289848818407,3.619812657077299,-1.289641057705902,22.564703,130.89069,8.73151,28.502051964898758,1482.566156431686,0.9599609375,0.0,129.47265625,1396.0732421875,1174.0263671875,1181.7138671875,1627.5390625,2.3663791621147077,16.120525347593023,20.97072813859467,45.48048166410783,37.3408203125,228.646484375,265.296875,588.4951171875,23.076171875,140.216796875,143.0126953125,320.7578125,2017-09-30,404.71
1063,1064,47.9,45.3,5.4,13.1,94425.0,-1332480.0,3577,48.53476319626735,42.90554982590649,7.004852296590624,10,2017,282,0.7401768531960371,0.6980014132400785,12.292783550713574,0.011614009286709859,130,12.809476883623567,-2.1249289848818407,3.619812657077299,-1.289641057705902,22.564703,130.89069,8.73151,28.502051964898758,1482.566156431686,2.1201171875,0.0,84.66796875,1412.5732421875,1201.919921875,1181.2880859375,1628.0556640625,2.7311271835446487,15.338335129343447,17.897180232654406,46.502264416898555,37.853515625,228.6044921875,264.1201171875,602.076171875,25.91796875,147.837890625,164.904296875,335.09765625,2017-10-09,404.71
1064,1065,51.5,43.6,3.6,14.65,94425.0,-1332480.0,3577,50.743785021613064,44.99080310344766,2.8408552606972215,10,2017,289,0.7401768531960371,0.7116055685391126,12.37346463171939,0.01144292012347492,137,12.809476883623567,-2.1249289848818407,3.619812657077299,-1.289641057705902,22.564703,130.89069,8.73151,28.502051964898758,1482.566156431686,2.12109375,0.0,8.4873046875,1488.75390625,1201.8310546875,1181.376953125,1625.9677734375,2.710744646779032,18.617382245294095,18.069462312888096,44.39730792572664,38.7939453125,236.07421875,266.4580078125,606.4697265625,26.3076171875,151.2373046875,173.755859375,354.689453125,2017-10-16,404.71
1065,1066,51.7,40.05,6.75,13.65,94425.0,-1332480.0,3577,51.16862223524843,44.16226042930985,3.2066543457475905,10,2017,298,0.7401768531960371,0.7287113685069326,12.474559243593545,0.011028810363132635,146,12.809476883623567,-2.1249289848818407,3.619812657077299,-1.289641057705902,22.564703,130.89069,8.73151,28.502051964898758,1482.566156431686,27.0625,0.9599609375,5.80859375,1475.2431640625,1218.0205078125,1181.376953125,1623.9072265625,3.067828579414993,14.079882321258438,19.82820440710547,42.29459001534717,38.744140625,222.404296875,273.6669921875,608.376953125,25.578125,146.80859375,173.9345703125,388.81640625,2017-10-25,404.71
1066,1067,52.1818181818182,42.2727272727273,3.81818181818182,17.8181818181818,94430.4545454545,-1332505.90909091,3577,52.903926357901014,42.17759925129125,3.5396467872116966,11,2017,305,0.793577803248942,0.7417101105237511,12.54983521518568,0.010521743091885583,153,12.809476883623567,-2.1249289848818407,3.619812657077299,-1.289641057705902,22.564703,130.89069,8.73151,28.502051964898758,1482.566156431686,54.158203125,0.9599609375,0.0029296875,1479.3642578125,1219.705078125,1181.376953125,1618.2802734375,2.3690872940400594,15.930486205478992,17.14771090067343,44.22561418979823,37.744140625,229.46484375,261.1484375,617.923828125,25.0576171875,149.55859375,172.38671875,397.8466796875,2017-11-01,404.71
1067,1068,56.55,40.6,1.7,15.55,94425.0,-1332480.0,3577,53.04457358008494,39.52931355162682,6.090251811233172,11,2017,306,0.793577803248942,0.7435449152138038,12.5602693343749,0.01043411918921855,154,12.809476883623567,-2.1249289848818407,3.619812657077299,-1.289641057705902,22.564703,130.89069,8.73151,28.502051964898758,1482.566156431686,54.2353515625,1.0205078125,0.0029296875,1479.3642578125,1219.705078125,1181.376953125,1609.9892578125,2.456263675028432,15.212406907978796,18.339984953879938,44.001850601682555,38.2421875,228.794921875,263.6181640625,617.0537109375,24.1962890625,149.55859375,173.06640625,398.65625,2017-11-02,404.71
1068,1069,45.6666666666667,47.6666666666667,5.33333333333333,20.0,94385.0,-1332445.0,3577,53.957189367524684,36.509214052664845,8.215917865789987,11,2017,314,0.793577803248942,0.7580212844421134,12.640082565032186,0.009579814647000973,162,12.809476883623567,-2.1249289848818407,3.619812657077299,-1.289641057705902,22.564703,130.89069,8.73151,28.502051964898758,1482.566156431686,68.173828125,2.12109375,0.0,1445.88671875,1251.3671875,1101.572265625,1688.73828125,2.22834167320055,14.183615505887165,17.27849286871104,42.74974964562341,36.6015625,224.4306640625,265.974609375,611.50390625,24.736328125,147.296875,171.3623046875,396.5673828125,2017-11-10,404.71
1069,1070,62.25,33.0,3.75,16.0,94440.0,-1332435.0,3577,54.36755022348075,33.37117908828642,10.866522824204846,11,2017,322,0.793577803248942,0.7721335221626509,12.711736228050961,0.008426088029043655,170,12.809476883623567,-2.1249289848818407,3.619812657077299,-1.289641057705902,22.564703,130.89069,8.73151,28.502051964898758,1482.566156431686,138.71484375,20.814453125,0.0,1406.8837890625,1259.673828125,1131.3623046875,1648.310546875,1.5593860513930686,9.964772905973401,16.157382564480738,40.8323152081367,35.33203125,211.0615234375,260.501953125,605.708984375,23.755859375,144.966796875,173.033203125,394.103515625,2017-11-18,404.71
1070,1071,51.0,12.0,35.0,21.5,94440.0,-1332525.0,3577,55.33051556286024,30.551184264647205,12.610481932925868,11,2017,330,0.793577803248942,0.7858748492644535,12.77271526854168,0.0069497445537312075,178,12.809476883623567,-2.1249289848818407,3.619812657077299,-1.289641057705902,22.564703,130.89069,8.73151,28.502051964898758,1482.566156431686,156.1640625,28.0224609375,0.0,1402.6787109375,1263.3583984375,1106.6591796875,1586.9892578125,1.9645706467067414,10.412743432805254,11.408676452411692,38.06085176435225,36.681640625,213.78125,245.9130859375,601.0107421875,24.7763671875,147.6962890625,168.6630859375,393.337890625,2017-11-26,404.71
1071,1072,63.9,33.2,1.75,15.05,94425.0,-1332480.0,3577,57.11890349072158,28.262631434608636,12.98505957406692,12,2017,338,0.8414709848078965,0.7992386648112959,12.820445380864983,0.005157543077412896,186,12.809476883623567,-2.1249289848818407,3.619812657077299,-1.289641057705902,22.564703,130.89069,8.73151,28.502051964898758,1482.566156431686,173.0078125,57.5185546875,0.0,1317.994140625,1300.978515625,1097.5341796875,1580.1611328125,0.7309310412736783,12.630258295082863,11.982938254957968,31.53430124962123,31.109375,220.88671875,249.1728515625,579.4990234375,23.046875,152.7275390625,172.04296875,391.16796875,2017-12-04,404.71
1072,1073,53.0,31.0,14.0,21.0,94365.0,-1332525.0,3577,61.11603736819541,25.59984953126985,11.647778691894601,12,2017,353,0.8414709848078965,0.823256098292939,12.866502435048298,0.0011429305510830545,201,12.809476883623567,-2.1249289848818407,3.619812657077299,-1.289641057705902,22.564703,130.89069,8.73151,28.502051964898758,1482.566156431686,90.83984375,159.529296875,0.0,1264.453125,1298.81640625,1089.9384765625,1532.751953125,1.988626732609215,11.386360684169697,15.489278446086812,28.89754536474737,36.6787109375,221.0849609375,262.5322265625,574.0693359375,25.0771484375,149.912109375,181.1181640625,397.009765625,2017-12-19,404.71
1073,1074,68.4,27.55,2.6,16.35,94425.0,-1332480.0,3577,65.53599738753559,24.49284028664467,8.425395656973347,12,2017,354,0.8414709848078965,0.8248082673071605,12.867359615581764,0.0008571805334653959,202,12.809476883623567,-2.1249289848818407,3.619812657077299,-1.289641057705902,22.564703,130.89069,8.73151,28.502051964898758,1482.566156431686,89.724609375,162.017578125,0.1845703125,1249.0263671875,1305.34765625,1098.833984375,1532.751953125,1.5724816918283802,11.545205232610854,15.027183907492471,29.318986546699964,35.3486328125,220.5947265625,262.392578125,574.986328125,25.4169921875,150.0224609375,179.9775390625,398.1015625,2017-12-20,404.71
1074,1075,67.35,21.75,9.0,13.5,94425.0,-1332480.0,3577,71.34034474296567,22.851419890735357,4.404769894707319,2,2018,36,0.16589613269341502,0.0984703039987073,12.615227356934911,-0.0098667345606831,249,12.809476883623567,-2.1249289848818407,3.619812657077299,-1.289641057705902,22.564703,130.89069,8.73151,28.502051964898758,1482.566156431686,652.216796875,315.2734375,57.541015625,840.6005859375,1387.2275390625,888.236328125,1360.4453125,1.3729467495061236,4.774368056462195,3.809835484917132,18.00076852773047,35.353515625,193.0673828125,213.015625,541.619140625,26.587890625,144.916015625,170.2373046875,387.21484375,2018-02-05,406.94
1075,1076,78.0,20.5,0.35,19.15,94425.0,-1332480.0,3577,75.07185477060517,22.239615492862942,1.3528794734675071,2,2018,37,0.16589613269341502,0.10119634195510843,12.605241308113987,-0.009986048820923799,250,12.809476883623567,-2.1249289848818407,3.619812657077299,-1.289641057705902,22.564703,130.89069,8.73151,28.502051964898758,1482.566156431686,615.095703125,374.0498046875,59.8564453125,822.6826171875,1403.150390625,890.2294921875,1344.013671875,0.9596817034512919,5.8207244592530305,3.5418487365471756,17.668876428954945,33.494140625,199.5625,212.31640625,538.94921875,23.84765625,147.1298828125,170.5771484375,387.974609375,2018-02-06,406.94
1076,1077,79.6666666666667,19.5,0.0,19.5,94415.0,-1332520.0,3577,79.26725699479933,19.550705795749316,0.0,2,2018,53,0.16589613269341502,0.14469574979007366,12.432760370179798,-0.011322394129757996,266,12.809476883623567,-2.1249289848818407,3.619812657077299,-1.289641057705902,22.564703,130.89069,8.73151,28.502051964898758,1482.566156431686,698.513671875,503.376953125,182.794921875,491.814453125,1552.9228515625,967.8779296875,1233.068359375,1.2885428329453816,5.603160266649463,6.50101107867082,12.4271489922174,33.8837890625,196.833984375,231.5478515625,513.1005859375,25.578125,150.2578125,173.17578125,390.6708984375,2018-02-22,406.94
1077,1078,83.0,15.8,0.05,17.45,94425.0,-1332480.0,3577,78.57726731471688,17.38308038710256,2.5147491827054624,3,2018,69,0.24740395925452294,0.1879171603965242,12.246495635334105,-0.01181653762209578,282,12.809476883623567,-2.1249289848818407,3.619812657077299,-1.289641057705902,22.564703,130.89069,8.73151,28.502051964898758,1482.566156431686,406.3466796875,880.1865234375,232.224609375,414.9443359375,1534.5107421875,945.943359375,1267.146484375,1.220938925104664,7.981694078927814,8.497903992899047,15.947625378061426,35.6435546875,206.6748046875,239.2177734375,530.9833984375,23.4052734375,151.150390625,173.359375,401.1376953125,2018-03-10,406.94
1078,1079,73.8,21.3,2.85,18.65,94425.0,-1332480.0,3577,76.7823962415179,20.45832449284156,1.1826073307495681,3,2018,84,0.24740395925452294,0.22811090035396392,12.069205372335526,-0.01175393103193123,297,12.809476883623567,-2.1249289848818407,3.619812657077299,-1.289641057705902,22.564703,130.89069,8.73151,28.502051964898758,1482.566156431686,267.2548828125,1108.3486328125,277.3154296875,239.49609375,1627.9755859375,935.3759765625,1312.708984375,1.5675360984320779,7.926185186755813,9.661954508902864,20.676103739977297,35.654296875,205.2626953125,233.4384765625,552.4541015625,24.35546875,147.029296875,173.9052734375,399.9375,2018-03-25,406.94
1079,1080,75.85,20.05,2.0,19.45,94425.0,-1332480.0,3577,73.14739620543482,23.15154582259499,1.9609549892828686,4,2018,100,0.3271946967961522,0.27055800080379266,11.885013838265222,-0.011222760737432225,313,12.809476883623567,-2.1249289848818407,3.619812657077299,-1.289641057705902,22.564703,130.89069,8.73151,28.502051964898758,1482.566156431686,195.111328125,1027.5322265625,489.19140625,129.02734375,1713.046875,900.216796875,1349.9052734375,1.8353957944362458,10.299043902533953,11.837207863236927,22.24700818431479,35.572265625,214.982421875,252.673828125,545.7431640625,25.4208984375,146.666015625,174.6376953125,395.23046875,2018-04-10,406.94
1080,1081,64.55,30.2,3.45,15.15,94425.0,-1332480.0,3577,70.03627920066502,26.122234731209154,2.027421030981099,4,2018,109,0.3271946967961522,0.294211249673108,11.786515123495283,-0.010694334631603297,322,12.809476883623567,-2.1249289848818407,3.619812657077299,-1.289641057705902,22.564703,130.89069,8.73151,28.502051964898758,1482.566156431686,114.0390625,982.0205078125,602.8818359375,32.876953125,1792.6494140625,938.69140625,1263.6484375,2.0555536038002264,12.042809221062358,11.998311272499352,25.00032255967664,36.7216796875,217.802734375,249.154296875,567.92578125,25.810546875,143.8046875,170.45703125,397.2451171875,2018-04-19,406.94
1081,1082,65.85,29.15,3.2,17.7,94425.0,-1332480.0,3577,66.39167225961899,28.475984541769755,3.250806469072237,4,2018,116,0.3271946967961522,0.3124852907236988,11.713771620990814,-0.010146654262319643,329,12.809476883623567,-2.1249289848818407,3.619812657077299,-1.289641057705902,22.564703,130.89069,8.73151,28.502051964898758,1482.566156431686,117.0009765625,954.5126953125,671.8671875,33.8798828125,1788.7822265625,942.9638671875,1240.1611328125,2.1354584719435987,11.708680509529719,14.098362824862583,27.299172995982147,34.4521484375,212.7021484375,254.5244140625,574.3828125,21.87109375,137.1865234375,169.615234375,396.466796875,2018-04-26,406.94
1082,1083,63.05,32.4,2.95,19.0,94425.0,-1332480.0,3577,63.714873310374614,31.389415228729426,3.1276039749719295,4,2018,117,0.3271946967961522,0.31508664236294787,11.703714061594304,-0.010057559396509319,330,12.809476883623567,-2.1249289848818407,3.619812657077299,-1.289641057705902,22.564703,130.89069,8.73151,28.502051964898758,1482.566156431686,112.4072265625,946.76171875,684.2119140625,33.8798828125,1788.7822265625,942.9638671875,1240.1533203125,2.272632576826501,12.300088848368846,14.112475840932586,27.21065884794519,35.08203125,211.90234375,254.314453125,573.390625,21.6611328125,134.3466796875,170.935546875,395.3525390625,2018-04-27,406.94
1083,1084,66.5,31.5,0.7,18.2,94425.0,-1332480.0,3577,61.443706293697105,33.97812141418444,2.9777176383983086,5,2018,124,0.40471456356112473,0.33322879067865074,11.636052589034644,-0.009350957022032702,337,12.809476883623567,-2.1249289848818407,3.619812657077299,-1.289641057705902,22.564703,130.89069,8.73151,28.502051964898758,1482.566156431686,77.1533203125,689.388671875,947.3916015625,57.521484375,1775.9228515625,961.62890625,1170.3203125,2.208728306540705,12.930685797468948,14.572721425195347,29.472682318118835,35.4990234375,209.025390625,246.984375,575.5029296875,24.8759765625,133.3759765625,156.0078125,390.1044921875,2018-05-04,406.94
1084,1085,62.8,32.95,2.35,17.5,94425.0,-1332480.0,3577,60.1676113360234,35.0919288142146,3.183708242221698,5,2018,125,0.40471456356112473,0.3358106765401478,11.626814990243638,-0.009237598791006718,338,12.809476883623567,-2.1249289848818407,3.619812657077299,-1.289641057705902,22.564703,130.89069,8.73151,28.502051964898758,1482.566156431686,77.0087890625,685.7138671875,951.2060546875,57.5263671875,1775.9228515625,961.62890625,1170.3203125,2.2542604647220346,12.757590472310072,15.406567139522268,29.188702147839066,36.0986328125,210.0625,246.5244140625,573.8525390625,22.5859375,136.451171875,153.998046875,388.59375,2018-05-05,406.94
1085,1086,52.1,37.85,8.3,17.8,94425.0,-1332480.0,3577,58.248850375621856,36.52588170343043,3.585888414990046,5,2018,132,0.40471456356112473,0.35381221715747047,11.565602317065773,-0.008351443977447914,345,12.809476883623567,-2.1249289848818407,3.619812657077299,-1.289641057705902,22.564703,130.89069,8.73151,28.502051964898758,1482.566156431686,55.322265625,515.2900390625,1124.828125,76.01171875,1718.92578125,1018.62890625,1170.3203125,2.1874147589988207,13.914563491124056,15.011850937032108,32.59695801486198,34.4091796875,211.654296875,246.1611328125,571.22265625,21.345703125,135.0869140625,159.037109375,372.134765625,2018-05-12,406.94
1086,1087,57.55,39.1,1.8,15.5,94425.0,-1332480.0,3577,56.68569464590289,37.852316568874386,3.7856459330137886,5,2018,133,0.40471456356112473,0.3563733969778998,11.557391083241617,-0.008211233824155784,346,12.809476883623567,-2.1249289848818407,3.619812657077299,-1.289641057705902,22.564703,130.89069,8.73151,28.502051964898758,1482.566156431686,48.400390625,515.77734375,1119.0615234375,88.212890625,1718.92578125,1018.62890625,1170.3203125,2.5858478171355586,14.0584627775191,14.88588513495535,33.23650217250805,31.9892578125,210.9140625,246.228515625,570.8427734375,22.685546875,134.2763671875,161.0927734375,368.8447265625,2018-05-13,406.94
1087,1088,53.35,41.45,3.55,17.1,94425.0,-1332480.0,3577,54.82105587909722,39.17819069474831,4.27530039619759,5,2018,140,0.40471456356112473,0.37422568247722243,11.504131694781298,-0.007131885520392345,353,12.809476883623567,-2.1249289848818407,3.619812657077299,-1.289641057705902,22.564703,130.89069,8.73151,28.502051964898758,1482.566156431686,31.287109375,383.2255859375,1189.5341796875,167.4052734375,1710.8720703125,1026.6826171875,1144.1875,2.430713321256385,13.814283842221474,16.64431059465466,34.00991146653081,32.21875,186.904296875,242.9033203125,562.7568359375,21.755859375,117.3857421875,156.9619140625,359.001953125,2018-05-20,406.94
1088,1089,56.9,37.35,4.05,16.35,94425.0,-1332480.0,3577,53.860278421261086,39.865302344708155,4.550382125613645,5,2018,141,0.40471456356112473,0.3767649259398519,11.497168005104166,-0.006963689677132123,354,12.809476883623567,-2.1249289848818407,3.619812657077299,-1.289641057705902,22.564703,130.89069,8.73151,28.502051964898758,1482.566156431686,0.0029296875,413.787109375,1190.09765625,167.564453125,1710.8720703125,1026.677734375,1144.1923828125,2.1856585135247864,13.754052741684127,16.801075964005115,34.79611260160143,33.80859375,187.2138671875,240.0634765625,562.583984375,21.9755859375,117.775390625,154.921875,358.59765625,2018-05-21,406.94
1089,1090,53.7,38.7,5.75,15.9,94425.0,-1332480.0,3577,52.61375760461662,41.14891965618905,4.5742373725339025,5,2018,148,0.40471456356112473,0.39445938059939806,11.453419404329924,-0.005690896460825101,361,12.809476883623567,-2.1249289848818407,3.619812657077299,-1.289641057705902,22.564703,130.89069,8.73151,28.502051964898758,1482.566156431686,0.0,355.337890625,1228.3291015625,187.78515625,1710.8720703125,1026.677734375,1144.1923828125,2.114420683578426,14.053404962574177,15.939711255208913,36.19062142608428,33.8486328125,204.7353515625,221.0224609375,556.123046875,22.166015625,136.6865234375,139.7509765625,359.521484375,2018-05-28,406.94
1090,1091,51.4,43.35,3.7,17.3,94425.0,-1332480.0,3577,53.58554525968586,40.375668449191835,4.4528783909582215,5,2018,149,0.40471456356112473,0.3969754679250871,11.44792347418077,-0.005495930149153949,362,12.809476883623567,-2.1249289848818407,3.619812657077299,-1.289641057705902,22.564703,130.89069,8.73151,28.502051964898758,1482.566156431686,0.0,355.337890625,1228.2265625,187.8876953125,1710.8720703125,1026.677734375,1144.1923828125,2.2772251936834533,13.87513565639954,15.851509230419534,36.40203216594618,34.21875,204.14453125,224.3525390625,552.150390625,22.9560546875,135.9765625,142.201171875,359.8466796875,2018-05-29,406.94
1091,1092,52.2,40.8,5.4,15.0,94425.0,-1332480.0,3577,53.2687771980262,40.228429929197915,4.851187512177499,6,2018,157,0.479425538604203,0.41699531437359943,11.411332173056012,-0.0038308074762340993,370,12.809476883623567,-2.1249289848818407,3.619812657077299,-1.289641057705902,22.564703,130.89069,8.73151,28.502051964898758,1482.566156431686,0.0,261.046875,1279.5146484375,230.890625,1704.4873046875,995.228515625,1182.0263671875,1.9488448401287122,12.768888261146968,15.689678085171515,37.64543155253554,30.5693359375,195.6044921875,238.79296875,528.7646484375,15.328125,117.57421875,154.4921875,341.9052734375,2018-06-06,406.94
1092,1093,53.35,39.8,5.2,16.0,94425.0,-1332480.0,3577,51.516836259707816,41.47861179067989,5.37932408149046,6,2018,164,0.479425538604203,0.43434868754085926,11.39079146541187,-0.0022485787336279373,377,12.809476883623567,-2.1249289848818407,3.619812657077299,-1.289641057705902,22.564703,130.89069,8.73151,28.502051964898758,1482.566156431686,0.0,231.6240234375,1290.216796875,249.611328125,1704.4453125,995.2705078125,1182.0263671875,1.773953628502561,10.687853254379027,14.71773310127568,36.53403367370194,34.029296875,195.71484375,226.173828125,527.494140625,20.2177734375,114.0283203125,132.90234375,341.4755859375,2018-06-13,406.94
1093,1094,48.9,45.3,4.45,14.1,94425.0,-1332480.0,3577,50.748261490823566,43.15131308319518,4.527402628330744,6,2018,165,0.479425538604203,0.4368148483300047,11.388775797333219,-0.002015668078650279,378,12.809476883623567,-2.1249289848818407,3.619812657077299,-1.289641057705902,22.564703,130.89069,8.73151,28.502051964898758,1482.566156431686,0.0,231.6240234375,1290.216796875,249.611328125,1704.4453125,995.2705078125,1182.0263671875,1.7630507626696923,10.65908042814489,14.504770750304987,36.16883046486689,33.9287109375,198.5654296875,223.953125,529.7841796875,18.9482421875,118.2578125,130.0947265625,339.845703125,2018-06-14,406.94
1094,1095,52.2,41.25,4.8,15.1,94425.0,-1332480.0,3577,49.772308341805555,44.20718677606562,4.431935092770344,6,2018,173,0.479425538604203,0.45642454906324836,11.381156428546761,-0.0001193798257741463,386,12.809476883623567,-2.1249289848818407,3.619812657077299,-1.289641057705902,22.564703,130.89069,8.73151,28.502051964898758,1482.566156431686,0.0,117.6552734375,1385.998046875,267.798828125,1704.4453125,995.2705078125,1181.5703125,2.6896155705651923,14.14938102175653,12.506503773352428,33.82548718287946,33.6494140625,198.3837890625,234.7041015625,528.1845703125,16.3076171875,128.4677734375,139.0361328125,321.5009765625,2018-06-22,406.94
1095,1096,52.25,41.3,4.75,14.65,94425.0,-1332480.0,3577,49.46080127302299,44.39889800601211,4.566667388338533,6,2018,180,0.479425538604203,0.4734035005077529,11.38698434313378,0.0015424500073404346,393,12.809476883623567,-2.1249289848818407,3.619812657077299,-1.289641057705902,22.564703,130.89069,8.73151,28.502051964898758,1482.566156431686,0.0,81.0615234375,1366.0126953125,324.3779296875,1704.4453125,995.1591796875,1181.681640625,1.9065665389434978,12.136269927480534,16.838996592321724,30.642312871060376,32.619140625,195.9150390625,232.033203125,524.095703125,17.23828125,117.337890625,144.775390625,306.044921875,2018-06-29,406.94
1096,1097,42.1,52.5,3.8,13.7,94425.0,-1332510.0,3577,48.54533330445918,45.23265387862235,4.679100002164318,6,2018,181,0.479425538604203,0.475814996640089,11.388760910585367,0.0017765674515874963,394,12.809476883623567,-2.1249289848818407,3.619812657077299,-1.289641057705902,22.564703,130.89069,8.73151,28.502051964898758,1482.566156431686,0.0,77.2294921875,1369.8447265625,324.3779296875,1704.4453125,995.1591796875,1181.681640625,1.7412354283255023,11.88615173699603,17.336576724086115,30.28572866301659,33.0087890625,196.1650390625,231.8134765625,523.28515625,19.8984375,118.248046875,141.205078125,307.1474609375,2018-06-30,406.94
1097,1098,49.1,45.95,3.7,14.5,94425.0,-1332480.0,3577,48.564417393744506,45.650915261202556,4.273391391889205,7,2018,188,0.5508090958869698,0.49259445697131315,11.40762503591399,0.003371018419946026,401,12.809476883623567,-2.1249289848818407,3.619812657077299,-1.289641057705902,22.564703,130.89069,8.73151,28.502051964898758,1482.566156431686,0.0,57.6953125,1268.3203125,445.4365234375,1704.4453125,995.1591796875,1181.681640625,2.003207871483559,13.25522093114262,13.627387165321533,33.11753463679773,33.970703125,201.1943359375,229.173828125,531.1455078125,19.09765625,136.7578125,138.146484375,318.2578125,2018-07-07,406.94
1098,1099,50.35,42.6,5.4,14.2,94425.0,-1332480.0,3577,48.473835761754216,45.48318755547178,4.501433241680246,7,2018,189,0.5508090958869698,0.49497687645016214,11.41121583941613,0.0035908035021403606,402,12.809476883623567,-2.1249289848818407,3.619812657077299,-1.289641057705902,22.564703,130.89069,8.73151,28.502051964898758,1482.566156431686,0.0,57.49609375,1243.935546875,470.0205078125,1704.4453125,995.1591796875,1181.681640625,1.892833300234603,13.294952856740197,13.491668948105366,33.6013792582043,33.0107421875,201.666015625,230.50390625,531.275390625,17.7978515625,133.787109375,142.716796875,317.6376953125,2018-07-08,406.94
1099,1100,48.9,43.3,6.25,14.0,94425.0,-1332480.0,3577,47.086485418599125,45.07706975686178,6.288245577950519,7,2018,196,0.5508090958869698,0.5115487853005207,11.442292311043873,0.005056836823927213,409,12.809476883623567,-2.1249289848818407,3.619812657077299,-1.289641057705902,22.564703,130.89069,8.73151,28.502051964898758,1482.566156431686,0.0,48.1279296875,1156.69140625,566.6328125,1682.11328125,1017.4912109375,1181.681640625,2.103642437489071,12.424116224221802,15.1877861569748,34.58654443295724,32.94140625,190.8857421875,234.6767578125,527.0751953125,17.3076171875,110.1376953125,151.5849609375,321.318359375,2018-07-15,406.94
1100,1101,47.0,48.0,3.65,13.6,94425.0,-1332480.0,3577,47.228127367980996,46.874844118722564,4.383627595314243,7,2018,197,0.5508090958869698,0.5139009836804498,11.447547086747521,0.0052547757036478515,410,12.809476883623567,-2.1249289848818407,3.619812657077299,-1.289641057705902,22.564703,130.89069,8.73151,28.502051964898758,1482.566156431686,0.0,48.1279296875,1128.3662109375,594.9580078125,1682.11328125,1017.4912109375,1181.681640625,2.136827494768539,12.143878158481666,15.728577415685642,34.77052907981199,33.1005859375,192.6357421875,234.13671875,526.2177734375,17.98828125,108.2470703125,145.4853515625,326.7177734375,2018-07-16,406.94
1101,1102,47.5,47.05,3.7,13.3,94425.0,-1332480.0,3577,48.699886877820774,47.862125722567484,1.8782919093287784,7,2018,205,0.5508090958869698,0.5325782277370062,11.496325449999782,0.006721546999095551,418,12.809476883623567,-2.1249289848818407,3.619812657077299,-1.289641057705902,22.564703,130.89069,8.73151,28.502051964898758,1482.566156431686,0.0,0.0009765625,1074.265625,697.185546875,1682.11328125,1017.4912109375,1181.681640625,2.6079381898384115,14.819838875495105,14.243674437640877,33.14483366109579,33.701171875,205.6064453125,226.90625,528.0927734375,15.267578125,118.908203125,123.9951171875,333.7177734375,2018-07-24,406.94
1102,1103,46.8,45.75,5.7,13.6,94425.0,-1332480.0,3577,48.24005963076449,47.64436399513086,2.5196328439358746,7,2018,212,0.5508090958869698,0.5487112551538731,11.547887877596327,0.007824995093328013,425,12.809476883623567,-2.1249289848818407,3.619812657077299,-1.289641057705902,22.564703,130.89069,8.73151,28.502051964898758,1482.566156431686,0.6328125,0.0,777.140625,994.3115234375,1682.11328125,1017.4912109375,1181.681640625,1.9577087254049885,11.210919273269925,17.427777065333515,33.896839150631294,33.630859375,202.857421875,239.3076171875,524.4951171875,22.09765625,117.2275390625,134.17578125,314.99609375,2018-07-31,406.94
1103,1104,41.5,50.25,6.8,11.75,94425.0,-1332480.0,3577,45.76571563111126,46.697927072920095,5.940015943807625,8,2018,213,0.618369803069737,0.550999636611817,11.555856551121435,0.007968673525107661,426,12.809476883623567,-2.1249289848818407,3.619812657077299,-1.289641057705902,22.564703,130.89069,8.73151,28.502051964898758,1482.566156431686,0.6328125,0.0,777.1298828125,994.322265625,1682.11328125,1017.4912109375,1181.681640625,2.437608809835354,11.02886450753453,16.78434092508915,34.83694953749768,34.37109375,202.5771484375,238.5673828125,527.4150390625,20.09765625,122.697265625,132.17578125,308.326171875,2018-08-01,406.94
1104,1105,46.875,47.375,4.375,14.25,94436.25,-1332446.25,3577,42.605664536695315,44.03134845030472,11.783870541221724,8,2018,220,0.618369803069737,0.5669015449020084,11.615372406539022,0.008878841235102186,433,12.809476883623567,-2.1249289848818407,3.619812657077299,-1.289641057705902,22.564703,130.89069,8.73151,28.502051964898758,1482.566156431686,1.0859375,0.0,656.37109375,1115.0810546875,1682.11328125,1017.4912109375,1181.681640625,2.3950976426708475,11.421714974784273,13.466473317369884,35.89271304690119,33.94921875,202.693359375,236.9482421875,531.845703125,22.2265625,119.08203125,142.794921875,295.0166015625,2018-08-08,406.94
1105,1106,48.2,45.3,4.85,13.25,94425.0,-1332480.0,3577,38.41332003908829,41.904915749878526,18.111443123437322,8,2018,221,0.618369803069737,0.5691563611926911,11.624367971779634,0.00899556524061218,434,12.809476883623567,-2.1249289848818407,3.619812657077299,-1.289641057705902,22.564703,130.89069,8.73151,28.502051964898758,1482.566156431686,1.19921875,0.0,604.4970703125,1166.955078125,1682.11328125,1017.4912109375,1181.681640625,2.6268426129174918,11.499173817758505,14.094438870341126,35.500888240840155,33.6591796875,202.9033203125,237.15625,533.65625,19.20703125,123.2412109375,141.884765625,293.7763671875,2018-08-09,406.94
1106,1107,27.8,31.9,38.6,17.6,94425.0,-1332480.0,3577,33.06860971844998,41.1240831923433,24.26191455602858,8,2018,228,0.618369803069737,0.5848195115392493,11.690340688683813,0.009725102150222042,441,12.809476883623567,-2.1249289848818407,3.619812657077299,-1.289641057705902,22.564703,130.89069,8.73151,28.502051964898758,1482.566156431686,1.19921875,0.0,432.2109375,1339.2412109375,1682.11328125,1017.4912109375,1181.681640625,2.294952027601269,13.963635311051949,14.126016430675996,35.3516526735404,33.3291015625,199.5439453125,236.5625,543.90625,19.037109375,115.091796875,142.4482421875,311.666015625,2018-08-16,406.94
1107,1108,23.4,36.5,38.6,16.85,94425.0,-1332480.0,3577,28.887446995724417,41.546897607030715,28.086630938716524,8,2018,229,0.618369803069737,0.5870396795141201,11.70015806982002,0.009817381136207004,442,12.809476883623567,-2.1249289848818407,3.619812657077299,-1.289641057705902,22.564703,130.89069,8.73151,28.502051964898758,1482.566156431686,1.19921875,0.0,415.0341796875,1356.41796875,1682.11328125,1017.4912109375,1181.681640625,2.366054026456099,13.455729481427895,15.181700495564783,34.315626834492186,33.7890625,198.6640625,238.052734375,541.9736328125,18.8671875,115.912109375,141.658203125,312.044921875,2018-08-17,406.94
1108,1109,26.5,45.9,26.2,12.45,94425.0,-1332480.0,3577,26.004313565687397,42.49205987510305,30.023426496100036,8,2018,236,0.618369803069737,0.6024565477924997,11.771231813047292,0.010386810047972261,449,12.809476883623567,-2.1249289848818407,3.619812657077299,-1.289641057705902,22.564703,130.89069,8.73151,28.502051964898758,1482.566156431686,1.19921875,0.0,355.7275390625,1415.724609375,1674.541015625,1025.03125,1181.7138671875,1.8895139317254304,14.32136414487539,15.821783507883994,32.71298640496782,34.3291015625,204.1845703125,232.453125,541.458984375,20.0966796875,114.9013671875,134.779296875,321.52734375,2018-08-24,406.94
1109,1110,23.5714285714286,50.6428571428571,24.3571428571429,16.7142857142857,94407.8571428571,-1332469.28571429,3577,25.218507421367438,44.21140539026874,29.117626413829505,8,2018,237,0.618369803069737,0.6046410009470569,11.781689654639067,0.010457841591774653,450,12.809476883623567,-2.1249289848818407,3.619812657077299,-1.289641057705902,22.564703,130.89069,8.73151,28.502051964898758,1482.566156431686,1.19921875,0.0,355.6162109375,1415.8359375,1674.541015625,1025.03125,1181.7138671875,1.975130511150152,13.863633046019075,15.936075330429407,33.25626636627878,34.4091796875,204.3046875,232.2333984375,542.3564453125,21.5673828125,117.021484375,135.279296875,320.0263671875,2018-08-25,406.94
1110,1111,29.3,47.65,21.75,12.55,94425.0,-1332480.0,3577,25.71587746618323,46.952833544157784,25.956670883292404,9,2018,244,0.6816387600233341,0.6198041813394971,11.856685595317774,0.010889774288349585,457,12.809476883623567,-2.1249289848818407,3.619812657077299,-1.289641057705902,22.564703,130.89069,8.73151,28.502051964898758,1482.566156431686,0.59765625,0.6328125,301.9697265625,1469.482421875,1672.7802734375,1026.7919921875,1181.7138671875,2.1622205734261706,13.78196838737301,15.838763557169226,35.09790282636706,35.619140625,210.154296875,238.7138671875,537.43359375,21.0166015625,119.2314453125,138.5888671875,313.4208984375,2018-09-01,406.94
1111,1112,29.3,45.25,23.95,12.1,94425.0,-1332480.0,3577,29.367786470491062,48.02595322633304,21.285522449683366,9,2018,253,0.6816387600233341,0.6389639720086414,11.956834748616279,0.011294679375179584,466,12.809476883623567,-2.1249289848818407,3.619812657077299,-1.289641057705902,22.564703,130.89069,8.73151,28.502051964898758,1482.566156431686,0.03125,1.19921875,232.7216796875,1538.73046875,1649.857421875,1049.71484375,1181.7138671875,2.522057342217323,15.735802008530264,16.701967237479924,35.70422041541215,37.611328125,223.6767578125,248.84765625,540.71484375,20.896484375,120.306640625,143.67578125,315.3525390625,2018-09-10,406.94
1112,1113,34.7,44.7,19.35,12.2,94425.0,-1332480.0,3577,33.01270679784118,47.06840110353339,18.540913884873966,9,2018,260,0.6816387600233341,0.6535980501322224,12.036793929037703,0.011506565193720064,473,12.809476883623567,-2.1249289848818407,3.619812657077299,-1.289641057705902,22.564703,130.89069,8.73151,28.502051964898758,1482.566156431686,0.03125,1.19921875,150.2294921875,1621.22265625,1649.857421875,1049.71484375,1181.7138671875,2.909837825997183,16.552517071012208,18.257859350747587,36.47011232246267,38.361328125,221.5458984375,261.2880859375,557.3291015625,21.765625,122.4853515625,141.203125,323.7490234375,2018-09-17,406.94
1113,1114,31.3,46.0,21.2,12.1,94425.0,-1332480.0,3577,33.59165911487391,44.45293328961395,20.54784333313438,9,2018,261,0.6816387600233341,0.6556691338743984,12.048323860143563,0.011529931105860314,474,12.809476883623567,-2.1249289848818407,3.619812657077299,-1.289641057705902,22.564703,130.89069,8.73151,28.502051964898758,1482.566156431686,0.03125,1.19921875,129.53515625,1641.9169921875,1649.857421875,1049.71484375,1181.7138671875,3.0374069392721585,16.440689438274084,18.319937968989816,37.311057411683976,37.7109375,222.5263671875,259.8779296875,561.791015625,19.265625,123.775390625,140.8623046875,326.73828125,2018-09-18,406.94
1114,1115,35.85,44.6,18.2,12.2,94425.0,-1332480.0,3577,35.37722927227043,43.12756361285129,20.015906075345804,9,2018,268,0.6816387600233341,0.6700280517804915,12.129545149637705,0.011645973871004855,481,12.809476883623567,-2.1249289848818407,3.619812657077299,-1.289641057705902,22.564703,130.89069,8.73151,28.502051964898758,1482.566156431686,0.03125,1.19921875,92.5390625,1677.953125,1526.505859375,1174.0263671875,1181.7138671875,2.5871589784071327,16.962279588607355,19.478096377546244,40.02192859357061,37.0908203125,225.28515625,260.2373046875,582.7353515625,22.2158203125,116.205078125,143.041015625,326.8017578125,2018-09-25,406.94
1115,1116,34.9,42.55,21.1,11.85,94425.0,-1332480.0,3577,36.066323807765784,43.23461372218466,19.204255032889925,9,2018,269,0.6816387600233341,0.6720593312461268,12.141200857225357,0.011655707587651776,482,12.809476883623567,-2.1249289848818407,3.619812657077299,-1.289641057705902,22.564703,130.89069,8.73151,28.502051964898758,1482.566156431686,0.0341796875,1.19921875,84.2978515625,1686.1943359375,1526.505859375,1174.0263671875,1181.7138671875,2.910346409039538,16.382613159281913,20.085475217840944,40.540938614400694,37.0810546875,223.4853515625,263.037109375,583.607421875,21.8857421875,119.5947265625,143.041015625,324.1806640625,2018-09-26,406.94
1116,1117,38.85,40.25,19.3,12.25,94425.0,-1332480.0,3577,36.44395403357707,43.020648546493504,19.053235309579215,10,2018,276,0.7401768531960371,0.6861361913257407,12.222914124281097,0.011673766797985152,489,12.809476883623567,-2.1249289848818407,3.619812657077299,-1.289641057705902,22.564703,130.89069,8.73151,28.502051964898758,1482.566156431686,0.0078125,1.23046875,75.7861328125,1694.6455078125,1523.4580078125,1176.9521484375,1181.896484375,2.4128096128933456,17.294188795159396,19.29295956832145,43.924446594761704,35.513671875,221.3291015625,260.56640625,597.796875,21.8984375,130.0380859375,141.48046875,323.5458984375,2018-10-03,406.94
1117,1118,34.8,44.2,19.45,12.1,94425.0,-1332480.0,3577,36.22346751545126,43.38929982555494,19.01880565254894,10,2018,277,0.7401768531960371,0.688126690746912,12.234582997599388,0.011668873318290807,490,12.809476883623567,-2.1249289848818407,3.619812657077299,-1.289641057705902,22.564703,130.89069,8.73151,28.502051964898758,1482.566156431686,0.0078125,1.23046875,59.5048828125,1710.13671875,1523.462890625,1177.7373046875,1181.0595703125,3.0413633158144533,16.85085677019193,19.307244622521985,43.806716337928904,38.4443359375,219.912109375,259.8759765625,596.626953125,21.6279296875,131.0400390625,142.44140625,322.6650390625,2018-10-04,406.94
1118,1119,37.7,45.35,15.7,12.95,94425.0,-1332480.0,3577,36.702832960174305,42.73296481300365,19.198158847830094,10,2018,284,0.7401768531960371,0.7019147308834798,12.315957185325907,0.011577001529458286,497,12.809476883623567,-2.1249289848818407,3.619812657077299,-1.289641057705902,22.564703,130.89069,8.73151,28.502051964898758,1482.566156431686,0.0078125,1.23046875,48.38671875,1720.9443359375,1499.3623046875,1201.919921875,1181.2880859375,2.8788040258678054,18.113696163211134,19.892220086006382,44.79402299146108,38.8740234375,236.8134765625,258.3564453125,596.625,22.177734375,133.05859375,152.66796875,324.244140625,2018-10-11,406.94
1119,1120,39.55,41.4,17.6,12.05,94425.0,-1332480.0,3577,38.57139565053889,41.8977750150227,18.167811339708578,10,2018,285,0.7401768531960371,0.7038634940818181,12.327512242739926,0.011555057414019743,498,12.809476883623567,-2.1249289848818407,3.619812657077299,-1.289641057705902,22.564703,130.89069,8.73151,28.502051964898758,1482.566156431686,0.0078125,1.23046875,48.1298828125,1721.201171875,1499.3623046875,1201.919921875,1181.2880859375,2.997371311047076,18.008855669201683,19.867607042281097,45.242833987625744,39.6142578125,236.583984375,260.119140625,597.875,21.568359375,132.1181640625,152.5302734375,328.673828125,2018-10-12,406.94
1120,1121,33.6428571428571,41.7857142857143,23.5714285714286,9.78571428571429,94446.4285714286,-1332475.71428571,3577,39.09664717716112,41.78049727687363,17.724722019056998,10,2018,293,0.7401768531960371,0.7192621817455338,12.418864296033636,0.011288545798231908,506,12.809476883623567,-2.1249289848818407,3.619812657077299,-1.289641057705902,22.564703,130.89069,8.73151,28.502051964898758,1482.566156431686,6.439453125,1.23046875,0.0029296875,1747.0595703125,1521.4873046875,1201.974609375,1181.376953125,2.7867936290537108,15.060791893599035,21.058225163723897,45.0107248817501,38.50390625,228.513671875,276.41796875,596.419921875,25.8984375,149.48828125,154.8369140625,341.10546875,2018-10-20,406.94
1121,1122,43.4,40.65,14.45,12.95,94425.0,-1332480.0,3577,40.4270093418823,41.76661041214964,16.360945897834448,10,2018,301,0.7401768531960371,0.73431535665374,12.507261796748796,0.010833385592283307,514,12.809476883623567,-2.1249289848818407,3.619812657077299,-1.289641057705902,22.564703,130.89069,8.73151,28.502051964898758,1482.566156431686,7.9560546875,0.716796875,0.51953125,1743.380859375,1507.4384765625,1219.705078125,1181.376953125,3.3390440196937057,16.93993575521728,17.839533943683556,46.61852149109629,39.583984375,232.474609375,267.0576171875,614.875,24.8876953125,150.3974609375,175.9775390625,355.0126953125,2018-10-28,406.94
1122,1123,40.4375,42.9375,15.0,21.3125,94423.125,-1332481.875,3577,40.80792168221694,41.3387123271268,16.370218649416145,11,2018,308,0.793577803248942,0.7471977675094822,12.58085836645246,0.010246598724865663,521,12.809476883623567,-2.1249289848818407,3.619812657077299,-1.289641057705902,22.564703,130.89069,8.73151,28.502051964898758,1482.566156431686,12.9931640625,0.60546875,0.6328125,1713.93359375,1523.755859375,1232.8349609375,1181.376953125,2.778297617906297,17.59202087371093,20.278979774910987,44.590448392498736,37.9716796875,235.349609375,272.05859375,621.8134765625,27.67578125,152.6650390625,175.28515625,378.4599609375,2018-11-04,406.94
1123,1124,48.4,36.2,13.4,11.0,94425.0,-1332435.0,3577,43.48478938343247,41.026656657433094,13.820993959960457,11,2018,309,0.793577803248942,0.7490157876964552,12.59100489623804,0.010146529785579617,522,12.809476883623567,-2.1249289848818407,3.619812657077299,-1.289641057705902,22.564703,130.89069,8.73151,28.502051964898758,1482.566156431686,13.0927734375,0.60546875,0.6328125,1713.93359375,1522.8818359375,1233.708984375,1147.4755859375,2.7763816233584144,17.381733532014927,20.322134248537175,44.70826322513038,38.4423828125,234.84765625,271.7080078125,621.5537109375,25.7861328125,154.142578125,175.9853515625,381.080078125,2018-11-05,406.94
1124,1125,40.15,45.15,13.4,12.75,94425.0,-1332480.0,3577,43.30977770531466,41.90528443095033,13.174159988073626,11,2018,316,0.793577803248942,0.7615837490247914,12.658855974575774,0.009320746354644527,529,12.809476883623567,-2.1249289848818407,3.619812657077299,-1.289641057705902,22.564703,130.89069,8.73151,28.502051964898758,1482.566156431686,17.869140625,0.0390625,1.19921875,1701.0556640625,1516.283203125,1238.3896484375,1114.400390625,2.5509469421945408,18.039955663063978,20.15811515537334,43.97217230994365,38.3720703125,238.6318359375,273.2900390625,616.84375,26.515625,153.4755859375,179.9287109375,402.228515625,2018-11-12,406.94
1125,1126,39.8947368421053,43.5789473684211,15.0526315789474,9.31578947368421,94428.1578947368,-1332477.63157895,3577,42.92417201978847,41.57317033015248,13.995107654279431,11,2018,317,0.793577803248942,0.7633564132116517,12.668039977178948,0.00918400260317398,530,12.809476883623567,-2.1249289848818407,3.619812657077299,-1.289641057705902,22.564703,130.89069,8.73151,28.502051964898758,1482.566156431686,20.84375,0.796875,1.19921875,1695.4404296875,1521.8984375,1238.083984375,1114.7060546875,2.450676695274417,17.834639748767657,20.40232836406325,43.61914832599779,37.591796875,238.01171875,274.578125,615.2939453125,26.8857421875,154.685546875,180.9765625,401.71875,2018-11-13,406.94
1126,1127,48.3,38.75,11.4,13.45,94425.0,-1332480.0,3577,45.24793929862304,40.74318598158425,12.55826863828143,11,2018,324,0.793577803248942,0.7756038877273475,12.72808321413602,0.008087595247314283,537,12.809476883623567,-2.1249289848818407,3.619812657077299,-1.289641057705902,22.564703,130.89069,8.73151,28.502051964898758,1482.566156431686,63.60546875,6.755859375,1.19921875,1609.25,1569.0859375,1259.4013671875,1131.634765625,2.0100895674210655,13.128259811133844,20.285316444042074,46.18194274637749,36.671875,221.5908203125,275.603515625,622.814453125,24.42578125,149.6767578125,181.5712890625,406.7177734375,2018-11-20,406.94
1127,1128,47.35,37.05,14.25,12.45,94425.0,-1332480.0,3577,46.979527608742934,38.118911968342076,13.566329670002077,12,2018,340,0.8414709848078965,0.8025198761927164,12.830023271659366,0.004664708576012089,553,12.809476883623567,-2.1249289848818407,3.619812657077299,-1.289641057705902,22.564703,130.89069,8.73151,28.502051964898758,1482.566156431686,97.4599609375,13.107421875,1.23046875,1540.5625,1548.8837890625,1280.435546875,1088.43359375,2.1789131093105905,13.666546536122567,13.86593316814199,39.93939850402943,37.779296875,228.521484375,257.2529296875,607.08984375,24.4970703125,158.3603515625,182.7607421875,407.826171875,2018-12-06,406.94
1128,1129,52.1,36.5,10.0,13.5,94425.0,-1332480.0,3577,50.81207221434586,34.32307001020843,13.596985174944681,12,2018,341,0.8414709848078965,0.8041514523449627,12.834435545708107,0.004412274048741338,554,12.809476883623567,-2.1249289848818407,3.619812657077299,-1.289641057705902,22.564703,130.89069,8.73151,28.502051964898758,1482.566156431686,94.6552734375,15.912109375,1.23046875,1540.5625,1548.8837890625,1280.435546875,1084.3330078125,2.1960387741736396,13.30827102734129,14.164612235680156,39.56108421046288,38.888671875,227.3984375,258.7333984375,605.7001953125,27.95703125,158.701171875,180.1513671875,409.1162109375,2018-12-07,406.94
1129,1130,45.2222222222222,30.7222222222222,23.4444444444444,10.8333333333333,94423.3333333333,-1332485.0,3577,55.14281046542117,29.710754005056636,13.890221197698335,12,2018,357,0.8414709848078965,0.8294275814489923,12.868209000224342,-4.3995287537512695e-06,570,12.809476883623567,-2.1249289848818407,3.619812657077299,-1.289641057705902,22.564703,130.89069,8.73151,28.502051964898758,1482.566156431686,103.75390625,71.248046875,1.23046875,1511.63671875,1478.724609375,1318.6826171875,1089.115234375,1.9244374296781974,10.976910025815554,11.876641410846991,33.190695871458175,36.9990234375,220.6728515625,256.7744140625,599.748046875,26.0966796875,158.5029296875,177.1494140625,415.0341796875,2018-12-23,406.94
1130,1131,69.15,23.2,5.6,17.95,94425.0,-1332480.0,3577,60.673920007526704,24.561127070199497,13.375983554220095,1,2019,7,0.08323691620031025,0.019176906600680502,12.832864403915732,-0.00426485308202551,585,12.809476883623567,-2.1249289848818407,3.619812657077299,-1.289641057705902,22.564703,130.89069,8.73151,28.502051964898758,1482.566156431686,211.4541015625,113.40625,1.23828125,1337.5458984375,1563.087890625,1324.130859375,936.6201171875,1.7782627850190904,7.31752464603746,10.476474897439376,28.63820975911369,36.8681640625,204.869140625,250.8828125,589.3740234375,24.494140625,147.736328125,170.8994140625,412.923828125,2019-01-07,409.63
1131,1132,69.95,23.25,5.45,15.25,94425.0,-1332480.0,3577,64.85621618345922,22.217356452679844,11.559681028328466,1,2019,8,0.08323691620031025,0.021916053410854716,12.82834165636816,-0.004522747547571981,586,12.809476883623567,-2.1249289848818407,3.619812657077299,-1.289641057705902,22.564703,130.89069,8.73151,28.502051964898758,1482.566156431686,214.3623046875,118.171875,1.23828125,1326.015625,1571.865234375,1326.8837890625,923.109375,1.7362909351585951,8.123220807551906,9.732188156959253,28.52895545665321,36.0576171875,210.087890625,245.3134765625,589.7138671875,24.4140625,146.7431640625,172.1796875,412.2333984375,2019-01-08,409.63
1132,1133,60.1111111111111,14.5555555555556,24.1111111111111,11.1111111111111,94418.3333333333,-1332511.66666667,3577,69.4402688344087,19.368790137493463,9.644348348045774,1,2019,15,0.08323691620031025,0.04108432376986344,12.7897944440987,-0.006214929208923081,593,12.809476883623567,-2.1249289848818407,3.619812657077299,-1.289641057705902,22.564703,130.89069,8.73151,28.502051964898758,1482.566156431686,268.83203125,146.908203125,6.232421875,1211.2001953125,1671.998046875,1295.05859375,870.5283203125,1.4554825612757993,8.618093834871168,9.8595117427105,26.384502202765475,35.0283203125,215.05859375,246.1455078125,578.2529296875,24.8837890625,150.86328125,171.1572265625,407.263671875,2019-01-15,409.63
1133,1134,76.05,20.55,1.8,17.9,94425.0,-1332480.0,3577,73.92322919597356,17.93448620522657,6.4970202140471045,2,2019,40,0.16589613269341502,0.10936981646984724,12.574613099778391,-0.010316573398807094,618,12.809476883623567,-2.1249289848818407,3.619812657077299,-1.289641057705902,22.564703,130.89069,8.73151,28.502051964898758,1482.566156431686,310.740234375,314.8525390625,17.908203125,657.5703125,1811.1376953125,1519.3349609375,900.6708984375,1.2335267933364042,5.82780214987092,5.979126986020473,19.1672398309792,33.583984375,195.2939453125,224.732421875,551.818359375,26.6484375,148.578125,166.552734375,396.5537109375,2019-02-09,409.63
1134,1135,76.95,18.2,2.85,18.25,94425.0,-1332480.0,3577,76.046445401852,17.645052213006238,4.560538223385842,2,2019,55,0.16589613269341502,0.150115337831945,12.409962434173899,-0.011423432794385846,633,12.809476883623567,-2.1249289848818407,3.619812657077299,-1.289641057705902,22.564703,130.89069,8.73151,28.502051964898758,1482.566156431686,213.125,449.9052734375,84.58203125,385.3203125,1879.1767578125,1541.4443359375,972.380859375,1.4631497611474922,9.252342211606722,10.856584872369174,15.681159078475384,36.314453125,214.11328125,250.55859375,523.6220703125,24.0478515625,148.798828125,179.095703125,391.6220703125,2019-02-24,409.63
1135,1136,76.75,20.5,1.0,17.125,94413.75,-1332513.75,3577,76.60036191877153,18.933098910031067,2.740087707269962,2,2019,56,0.16589613269341502,0.15282345185103158,12.398493169807352,-0.011469264366546383,634,12.809476883623567,-2.1249289848818407,3.619812657077299,-1.289641057705902,22.564703,130.89069,8.73151,28.502051964898758,1482.566156431686,216.14453125,449.9052734375,84.58203125,356.9580078125,1903.1162109375,1530.009765625,954.4287109375,1.5890830545437662,9.094969693361215,10.818720774794514,16.189206025091966,35.9638671875,215.0439453125,250.048828125,525.09765625,23.998046875,148.2587890625,177.1552734375,392.4560546875,2019-02-25,409.63
1136,1137,77.6,19.7,1.25,18.4,94425.0,-1332480.0,3577,75.60072600257229,19.963921063453682,2.809770724630984,3,2019,63,0.24740395925452294,0.1717469937551714,12.31716901828117,-0.011709788510442465,641,12.809476883623567,-2.1249289848818407,3.619812657077299,-1.289641057705902,22.564703,130.89069,8.73151,28.502051964898758,1482.566156431686,232.931640625,489.41015625,106.3017578125,303.8994140625,1936.6240234375,1524.572265625,914.3515625,1.7290754016600773,8.688276835985974,10.68405274790498,21.02879981386601,35.32421875,211.134765625,251.0078125,550.4140625,24.5146484375,146.03125,172.2568359375,403.05859375,2019-03-04,409.63
1137,1138,75.8,17.5,4.6,16.4,94425.0,-1332480.0,3577,76.40142710745285,21.052940093958615,0.9069338298439116,3,2019,87,0.24740395925452294,0.23610558602816642,12.03406633378388,-0.011690736062297091,665,12.809476883623567,-2.1249289848818407,3.619812657077299,-1.289641057705902,22.564703,130.89069,8.73151,28.502051964898758,1482.566156431686,177.6904296875,541.2177734375,238.7255859375,113.64453125,1879.0498046875,1639.5126953125,922.7939453125,1.5484217758100678,6.145992794222806,10.178697630019913,24.81491523547502,36.064453125,202.154296875,248.287109375,565.5546875,25.125,147.3408203125,175.60546875,397.359375,2019-03-28,409.63
1138,1139,71.75,26.0,1.1,13.45,94425.0,-1332480.0,3577,74.23522423567755,22.573584860268785,1.516216463275059,4,2019,95,0.3271946967961522,0.257345306618054,11.941584742975593,-0.011441261806007574,673,12.809476883623567,-2.1249289848818407,3.619812657077299,-1.289641057705902,22.564703,130.89069,8.73151,28.502051964898758,1482.566156431686,131.86328125,529.724609375,302.2470703125,78.2470703125,1823.7666015625,1711.7314453125,939.609375,1.3297134993354902,10.706344641666663,7.929067627704058,23.900582302841126,33.9716796875,210.158203125,237.318359375,568.4130859375,25.451171875,154.73828125,172.1357421875,402.8115234375,2019-04-05,409.63
1139,1140,70.5,22.6,5.05,18.35,94425.0,-1332480.0,3577,70.67657739576188,23.757208787081396,3.8545137009527517,4,2019,103,0.3271946967961522,0.27846140596347235,11.851653135146037,-0.011066826999897472,681,12.809476883623567,-2.1249289848818407,3.619812657077299,-1.289641057705902,22.564703,130.89069,8.73151,28.502051964898758,1482.566156431686,194.8623046875,471.1162109375,396.50390625,51.3505859375,1738.6796875,1824.3251953125,900.140625,2.17740456723513,6.709664407790387,11.277648520061884,21.155911630129623,35.26171875,193.943359375,240.8779296875,557.4033203125,23.0009765625,146.6865234375,179.794921875,399.111328125,2019-04-13,409.63
1140,1141,70.5,27.5833333333333,0.5,18.75,94432.5,-1332457.5,3577,68.76526770442152,26.77798321389252,2.7065556734283343,4,2019,111,0.3271946967961522,0.29944374050084255,11.765340313905602,-0.010550923160270287,689,12.809476883623567,-2.1249289848818407,3.619812657077299,-1.289641057705902,22.564703,130.89069,8.73151,28.502051964898758,1482.566156431686,163.7392578125,449.501953125,444.916015625,8.0048828125,1777.376953125,1795.208984375,936.587890625,2.1277009831008735,12.088724836248861,10.097500128496657,21.883426926946566,35.7724609375,212.5625,233.4150390625,545.072265625,23.1005859375,138.6865234375,167.927734375,402.5068359375,2019-04-21,409.63
1141,1142,68.15,26.4,3.3,17.6,94425.0,-1332480.0,3577,66.81653315723526,28.457444413167707,2.8633343436744734,4,2019,112,0.3271946967961522,0.3020566242501205,11.754864917879495,-0.010475396026107475,690,12.809476883623567,-2.1249289848818407,3.619812657077299,-1.289641057705902,22.564703,130.89069,8.73151,28.502051964898758,1482.566156431686,115.0830078125,483.4150390625,459.0576171875,8.6064453125,1777.2578125,1795.328125,936.5751953125,2.3546628896441613,12.206167063123711,11.473924134243246,21.526070815880765,36.3515625,213.142578125,238.375,542.5009765625,23.4111328125,139.1162109375,166.34765625,404.4931640625,2019-04-22,409.63
1142,1143,63.4,31.75,2.8,16.95,94425.0,-1332480.0,3577,64.98616661974825,30.47995843165666,2.676870033990377,4,2019,119,0.3271946967961522,0.3202822309233318,11.683877734314635,-0.009870727028982174,697,12.809476883623567,-2.1249289848818407,3.619812657077299,-1.289641057705902,22.564703,130.89069,8.73151,28.502051964898758,1482.566156431686,106.958984375,387.64453125,562.3359375,9.2197265625,1771.455078125,1794.587890625,942.9638671875,2.1158528983387797,13.004549127709325,14.560829952767872,24.365650670873077,36.072265625,213.8115234375,249.494140625,540.7578125,24.271484375,135.10546875,162.52734375,395.5146484375,2019-04-29,409.63
1143,1144,61.8,32.6,3.45,17.15,94425.0,-1332480.0,3577,62.814060707085375,32.05312881132835,3.3515761328449805,5,2019,135,0.40471456356112473,0.36148771249771944,11.541403166164846,-0.007920369677286487,713,12.809476883623567,-2.1249289848818407,3.619812657077299,-1.289641057705902,22.564703,130.89069,8.73151,28.502051964898758,1482.566156431686,72.59375,405.2021484375,626.8310546875,33.3994140625,1771.4521484375,1718.92578125,1018.62890625,2.3990673764341537,12.450731905956527,10.681778707528688,33.544700815668875,34.62890625,189.5634765625,234.732421875,569.76171875,21.4462890625,132.2958984375,170.171875,372.7158203125,2019-05-15,409.63
1144,1145,63.0,34.8,1.2,18.6,94425.0,-1332435.0,3577,62.50287839094955,33.63564160297404,2.1006765680137134,5,2019,143,0.40471456356112473,0.38183490972767653,11.483759067789476,-0.006616913012404524,721,12.809476883623567,-2.1249289848818407,3.619812657077299,-1.289641057705902,22.564703,130.89069,8.73151,28.502051964898758,1482.566156431686,84.896484375,317.6708984375,663.1572265625,85.3310546875,1771.4521484375,1710.8720703125,1026.677734375,2.096227566275565,9.733309986090353,15.039434155798492,29.532420377183016,34.05859375,204.9140625,225.7724609375,552.3974609375,22.396484375,139.826171875,149.6923828125,380.8154296875,2019-05-23,409.63
1145,1146,60.15,34.45,3.7,16.45,94425.0,-1332480.0,3577,61.308099331000385,35.878334668422184,1.2074844659982162,5,2019,144,0.40471456356112473,0.38436561199709685,11.477320682725185,-0.006438385064290841,722,12.809476883623567,-2.1249289848818407,3.619812657077299,-1.289641057705902,22.564703,130.89069,8.73151,28.502051964898758,1482.566156431686,84.896484375,317.6708984375,662.8134765625,85.6748046875,1771.4521484375,1710.8720703125,1026.677734375,1.6825672776227296,10.073949681173978,14.898252621576908,29.2600258260972,33.779296875,203.423828125,230.3125,547.9140625,20.2158203125,141.8662109375,145.9326171875,382.5810546875,2019-05-24,409.63
1146,1147,60.45,33.95,3.8,15.8,94425.0,-1332480.0,3577,58.8929831778041,37.248700267734954,2.334735543094327,5,2019,151,0.40471456356112473,0.40199868450729764,11.437528906004871,-0.0050967205311653885,729,12.809476883623567,-2.1249289848818407,3.619812657077299,-1.289641057705902,22.564703,130.89069,8.73151,28.502051964898758,1482.566156431686,84.658203125,249.0380859375,712.2421875,105.1171875,1771.4521484375,1709.26171875,991.703125,1.941024935227659,11.624087175869374,11.756516958796707,29.542535820825677,31.9189453125,200.7138671875,237.203125,529.2529296875,21.4658203125,125.5869140625,162.08203125,363.6767578125,2019-05-31,409.63
1147,1148,54.65,41.85,2.25,16.65,94425.0,-1332480.0,3577,55.85259910367435,38.22533178894837,4.444612353590018,6,2019,159,0.479425538604203,0.42196935074219,11.404332569636416,-0.003388715291672284,737,12.809476883623567,-2.1249289848818407,3.619812657077299,-1.289641057705902,22.564703,130.89069,8.73151,28.502051964898758,1482.566156431686,13.029296875,288.1162109375,726.2060546875,123.7041015625,1771.4521484375,1704.4453125,995.2705078125,2.1628179007095603,13.84963860788419,14.19624956548065,30.412193980761995,30.62890625,173.59375,229.7724609375,532.4833984375,20.8681640625,129.7900390625,148.15234375,352.9873046875,2019-06-08,409.63
1148,1149,54.5,39.5,4.35,15.25,94425.0,-1332480.0,3577,51.724502587188354,38.99078243737104,7.76491264153687,6,2019,160,0.479425538604203,0.4244516272420487,11.401168156168831,-0.0031644134675854474,738,12.809476883623567,-2.1249289848818407,3.619812657077299,-1.289641057705902,22.564703,130.89069,8.73151,28.502051964898758,1482.566156431686,13.029296875,280.24609375,732.9453125,124.8349609375,1771.4521484375,1704.4453125,995.2705078125,1.7118173941822974,13.941340930406154,14.26472090611345,30.518068812903266,32.8388671875,173.7236328125,225.4521484375,536.2939453125,21.078125,128.5498046875,147.884765625,351.2470703125,2019-06-09,409.63
1149,1150,51.65,40.4,6.3,16.55,94425.0,-1332480.0,3577,46.879115157281525,40.40622117819656,11.167043018898935,6,2019,167,0.479425538604203,0.44173731510172215,11.385448178468641,-0.0015461462800860915,745,12.809476883623567,-2.1249289848818407,3.619812657077299,-1.289641057705902,22.564703,130.89069,8.73151,28.502051964898758,1482.566156431686,13.0302734375,262.0009765625,722.8828125,153.142578125,1771.4521484375,1704.4453125,995.2705078125,1.7080327369771713,10.069177814752294,15.653158324588452,29.884537097439807,33.048828125,201.173828125,206.5625,531.43359375,18.337890625,126.078125,149.6279296875,353.19921875,2019-06-16,409.63
1150,1151,34.2,39.6,24.8,17.8,94425.0,-1332525.0,3577,42.76175929333185,40.86618567190712,14.79712052653008,6,2019,175,0.479425538604203,0.46129308162738264,11.38163371087441,0.00035792445433813214,753,12.809476883623567,-2.1249289848818407,3.619812657077299,-1.289641057705902,22.564703,130.89069,8.73151,28.502051964898758,1482.566156431686,0.0009765625,194.392578125,759.3603515625,197.302734375,1771.4521484375,1704.4453125,995.1591796875,2.146830712441711,12.315765746145045,12.065908842508835,33.487894041969,30.94921875,189.5830078125,235.3232421875,499.6826171875,16.4580078125,109.478515625,141.0263671875,342.2265625,2019-06-24,409.63
1151,1152,39.65,40.5,18.35,16.75,94425.0,-1332480.0,3577,40.48277620211999,40.89555088873363,17.12154409058178,6,2019,176,0.479425538604203,0.463722163275047,11.382229865626973,0.0005961547525625832,754,12.809476883623567,-2.1249289848818407,3.619812657077299,-1.289641057705902,22.564703,130.89069,8.73151,28.502051964898758,1482.566156431686,0.0009765625,193.3017578125,733.1240234375,224.6298828125,1771.4521484375,1704.4453125,995.1591796875,2.1629759011682066,12.751336534136652,12.205740124764151,33.056678446609,31.2392578125,187.783203125,234.443359375,498.4921875,10.3583984375,108.4482421875,136.556640625,341.80859375,2019-06-25,409.63
1152,1153,41.35,40.6,16.35,16.4,94425.0,-1332480.0,3577,39.05895559548227,41.032643053534755,18.359222975164506,7,2019,183,0.5508090958869698,0.48062725629436415,11.393011071981155,0.002240770387967217,761,12.809476883623567,-2.1249289848818407,3.619812657077299,-1.289641057705902,22.564703,130.89069,8.73151,28.502051964898758,1482.566156431686,0.0009765625,187.6630859375,666.142578125,297.25,1771.4521484375,1704.4453125,995.1591796875,2.3749828109482927,11.43849757266744,14.914312435304858,30.9976976652597,33.1005859375,192.583984375,219.0224609375,507.4833984375,22.48828125,94.1484375,118.806640625,330.48046875,2019-07-02,409.63
1153,1154,38.8,44.65,15.3,15.8,94425.0,-1332480.0,3577,38.7276857043827,41.73130832015657,18.036601788301883,7,2019,184,0.5508090958869698,0.4830279836950298,11.395481630938093,0.0024705589569382624,762,12.809476883623567,-2.1249289848818407,3.619812657077299,-1.289641057705902,22.564703,130.89069,8.73151,28.502051964898758,1482.566156431686,0.0009765625,187.373046875,660.197265625,303.4853515625,1771.4521484375,1704.4453125,995.1591796875,2.000727775227013,11.768711246718109,14.844176576975661,30.720949129272196,32.130859375,194.4453125,217.79296875,509.693359375,18.267578125,104.708984375,111.24609375,327.8505859375,2019-07-03,409.63
1154,1155,40.5,40.45,17.35,15.1,94425.0,-1332480.0,3577,39.50375738811681,42.49618199137687,16.570225594836124,7,2019,192,0.5508090958869698,0.5021017714378186,11.423282634990363,0.00423545286933269,770,12.809476883623567,-2.1249289848818407,3.619812657077299,-1.289641057705902,22.564703,130.89069,8.73151,28.502051964898758,1482.566156431686,0.0029296875,85.623046875,674.576171875,390.8564453125,1771.4521484375,1704.4453125,995.1591796875,1.9252380455028053,11.859326925776502,13.522333052662638,31.32368883122394,32.791015625,193.13671875,227.48828125,515.6943359375,17.3583984375,93.2880859375,126.7763671875,280.2392578125,2019-07-11,409.63
1155,1156,41.45,40.7,16.4,15.35,94425.0,-1332480.0,3577,40.476873822765604,42.259550975334136,15.799489055833446,7,2019,199,0.5508090958869698,0.5185937906461534,11.458637935679427,0.005641247993342091,777,12.809476883623567,-2.1249289848818407,3.619812657077299,-1.289641057705902,22.564703,130.89069,8.73151,28.502051964898758,1482.566156431686,0.001953125,85.6240234375,614.6376953125,450.794921875,1771.4521484375,1682.11328125,1017.4912109375,2.4578652756657893,12.528383776817693,13.784564971279307,32.64028175912243,31.9912109375,188.8271484375,225.927734375,508.7392578125,17.2080078125,112.0966796875,110.646484375,270.458984375,2019-07-18,409.63
1156,1157,40.05,45.0,13.6,14.95,94425.0,-1332480.0,3577,40.69582746973779,42.6605555435213,15.189221459652627,7,2019,200,0.5508090958869698,0.5209343640072778,11.464467594201432,0.005829658522005232,778,12.809476883623567,-2.1249289848818407,3.619812657077299,-1.289641057705902,22.564703,130.89069,8.73151,28.502051964898758,1482.566156431686,0.001953125,85.6240234375,614.2421875,451.1904296875,1771.4521484375,1682.11328125,1017.4912109375,1.81703185513547,13.086226443891343,13.753174677842107,32.456789665924944,31.7509765625,188.4169921875,226.927734375,507.671875,14.8583984375,113.5068359375,111.2958984375,266.119140625,2019-07-19,409.63
1157,1158,37.2,44.8,16.7,14.75,94425.0,-1332480.0,3577,38.65866385935469,43.13696875878894,16.792331507499274,7,2019,207,0.5508090958869698,0.5372079123056154,11.510269379481299,0.0070542780109299486,785,12.809476883623567,-2.1249289848818407,3.619812657077299,-1.289641057705902,22.564703,130.89069,8.73151,28.502051964898758,1482.566156431686,0.001953125,84.8974609375,530.44140625,535.7177734375,1771.4521484375,1682.11328125,1017.4912109375,2.3404854419155843,13.219513551865752,14.903258299026813,31.36578776679139,34.361328125,200.6357421875,220.16796875,516.806640625,22.6181640625,93.337890625,128.365234375,266.1689453125,2019-07-26,409.63
1158,1159,39.85,41.15,17.55,14.05,94425.0,-1332480.0,3577,38.68283465759668,43.502205070464825,16.383959384266532,7,2019,208,0.5508090958869698,0.5395167147704585,11.5174847940373,0.00721541455600061,786,12.809476883623567,-2.1249289848818407,3.619812657077299,-1.289641057705902,22.564703,130.89069,8.73151,28.502051964898758,1482.566156431686,0.001953125,84.8974609375,497.31640625,568.8408203125,1771.4541015625,1682.11328125,1017.4912109375,2.02342467026439,13.415189150054877,15.349011653397259,30.905977121890093,32.7509765625,202.1962890625,220.5576171875,518.228515625,19.087890625,98.73828125,126.46484375,272.3388671875,2019-07-27,409.63
1159,1160,39.95,41.2,17.15,13.3,94425.0,-1332480.0,3577,38.975818376663945,43.90104570351592,15.671361146591002,8,2019,215,0.618369803069737,0.5555639748167264,11.572211107004067,0.008245665443856964,793,12.809476883623567,-2.1249289848818407,3.619812657077299,-1.289641057705902,22.564703,130.89069,8.73151,28.502051964898758,1482.566156431686,0.001953125,13.3779296875,533.7255859375,603.3203125,1772.0849609375,1682.11328125,1017.4912109375,2.083479103632859,12.366937538175645,15.438613820319267,32.73265572262471,31.2392578125,200.5146484375,234.947265625,511.2978515625,17.3271484375,106.748046875,117.826171875,272.02734375,2019-08-03,409.63
1160,1161,35.625,47.5,15.5,13.875,94413.75,-1332513.75,3577,38.91321689146185,44.80699084196867,14.840382991619164,8,2019,216,0.618369803069737,0.5578398973033405,11.580590128809972,0.00837902180590433,794,12.809476883623567,-2.1249289848818407,3.619812657077299,-1.289641057705902,22.564703,130.89069,8.73151,28.502051964898758,1482.566156431686,0.001953125,13.033203125,533.611328125,603.779296875,1772.0849609375,1682.11328125,1017.4912109375,1.994972462925508,12.498951996627687,14.791367766480517,33.39995351961494,31.5185546875,198.552734375,233.7275390625,514.3173828125,15.7265625,106.376953125,117.5263671875,274.876953125,2019-08-04,409.63
1161,1162,40.45,47.05,11.2,14.05,94425.0,-1332480.0,3577,38.907438459367626,45.14779601203075,14.478375803760636,8,2019,223,0.618369803069737,0.5736531604577998,11.642696456140063,0.009219410257097493,801,12.809476883623567,-2.1249289848818407,3.619812657077299,-1.289641057705902,22.564703,130.89069,8.73151,28.502051964898758,1482.566156431686,0.0,13.0322265625,485.3984375,651.4287109375,1772.6513671875,1682.11328125,1017.4912109375,2.761077277809962,13.384073866708324,14.493924459553195,34.438146608253355,35.3486328125,207.1240234375,230.0712890625,521.1171875,20.1767578125,119.7119140625,122.103515625,281.107421875,2019-08-11,409.63
1162,1163,39.75,43.5,15.2,13.15,94425.0,-1332480.0,3577,39.61846543548738,45.00170386887981,13.880223646320644,8,2019,224,0.618369803069737,0.5758951096788277,11.652023074112172,0.009326617972108764,802,12.809476883623567,-2.1249289848818407,3.619812657077299,-1.289641057705902,22.564703,130.89069,8.73151,28.502051964898758,1482.566156431686,0.0,13.0322265625,485.3984375,651.4287109375,1772.6513671875,1682.11328125,1017.4912109375,3.0490086534894445,14.092989471863662,14.60247352643366,34.6827027246715,33.638671875,209.59375,229.7587890625,521.8974609375,21.287109375,120.26171875,123.5126953125,280.20703125,2019-08-12,409.63
1163,1164,42.25,44.4,11.8,13.2,94425.0,-1332480.0,3577,39.898827101684915,45.42087077008999,13.191073632248134,8,2019,231,0.618369803069737,0.5914667797070804,11.720058376347582,0.009993482420028954,809,12.809476883623567,-2.1249289848818407,3.619812657077299,-1.289641057705902,22.564703,130.89069,8.73151,28.502051964898758,1482.566156431686,0.0,0.0029296875,430.44140625,719.4150390625,1772.6513671875,1682.11328125,1017.4912109375,1.7953567734834295,13.226557848456837,17.141998125353105,33.9361645977079,35.0986328125,198.1337890625,243.232421875,531.0986328125,21.787109375,106.552734375,141.548828125,277.2548828125,2019-08-19,409.63
1164,1165,37.7,46.65,14.25,13.1,94425.0,-1332480.0,3577,39.43943958517673,45.949717465190474,13.135086275951187,8,2019,232,0.618369803069737,0.5936736786949399,11.730135784032406,0.01007740768482357,810,12.809476883623567,-2.1249289848818407,3.619812657077299,-1.289641057705902,22.564703,130.89069,8.73151,28.502051964898758,1482.566156431686,0.0,0.0029296875,402.5673828125,747.2890625,1772.6513671875,1678.5341796875,1021.0703125,2.249395208106616,12.369123511577014,17.612781215368667,33.51946191903603,36.208984375,201.423828125,241.162109375,530.556640625,22.6171875,109.283203125,140.2080078125,279.654296875,2019-08-20,409.63
1165,1166,38.2,45.75,14.5,12.35,94425.0,-1332480.0,3577,39.945287297835506,45.221912143577214,13.354484834049401,8,2019,239,0.618369803069737,0.6089962754169406,11.802808772939885,0.010592672289243765,817,12.809476883623567,-2.1249289848818407,3.619812657077299,-1.289641057705902,22.564703,130.89069,8.73151,28.502051964898758,1482.566156431686,0.0,0.0029296875,351.056640625,798.7998046875,1772.6513671875,1672.8779296875,1026.6943359375,2.241190045434656,15.375536080939625,14.61851871968363,36.340875367924184,34.4892578125,202.423828125,237.6328125,537.9912109375,16.7470703125,108.90234375,131.900390625,302.3359375,2019-08-27,409.63
1166,1167,40.6,44.05,13.85,12.4,94425.0,-1332480.0,3577,40.10838727835032,44.472753252932364,13.908739093721536,8,2019,240,0.618369803069737,0.6111670640411674,11.813465341416963,0.010656568477077855,818,12.809476883623567,-2.1249289848818407,3.619812657077299,-1.289641057705902,22.564703,130.89069,8.73151,28.502051964898758,1482.566156431686,0.0,0.0029296875,333.6962890625,816.12890625,1772.6826171875,1672.7802734375,1026.7919921875,2.6736069720366915,14.608438410951823,15.337463261102892,36.686605936153214,34.80859375,204.1845703125,239.7421875,535.4189453125,19.3671875,102.501953125,140.05078125,299.115234375,2019-08-28,409.63
1167,1168,41.65,44.6,12.15,12.3,94425.0,-1332480.0,3577,39.26013715386193,45.43762800666147,13.823212236677664,9,2019,247,0.6816387600233341,0.6262332269244854,11.889664241734003,0.011042387702055123,825,12.809476883623567,-2.1249289848818407,3.619812657077299,-1.289641057705902,22.564703,130.89069,8.73151,28.502051964898758,1482.566156431686,0.654296875,0.0029296875,313.728515625,836.0966796875,1772.6826171875,1672.1865234375,1027.3857421875,2.3443185370229065,16.202388045060115,17.282045382988514,37.42159567082244,34.970703125,204.7568359375,238.9931640625,545.40234375,17.9560546875,90.310546875,121.869140625,315.6533203125,2019-09-04,409.63
1168,1169,36.75,49.15,12.9,12.05,94425.0,-1332480.0,3577,38.89080950009162,46.6742319599835,12.967402411827717,9,2019,255,0.6816387600233341,0.6431693540965963,11.979528962491102,0.01136398622936774,833,12.809476883623567,-2.1249289848818407,3.619812657077299,-1.289641057705902,22.564703,130.89069,8.73151,28.502051964898758,1482.566156431686,0.65625,0.0029296875,279.21484375,870.6103515625,1772.6826171875,1649.857421875,1049.71484375,2.884013603140652,15.703382593651147,17.715390612027406,38.0770615812566,33.9814453125,213.7265625,239.5595703125,544.4130859375,18.65625,110.8671875,107.794921875,294.904296875,2019-09-12,409.63
1169,1170,39.65,45.4,13.35,11.25,94425.0,-1332480.0,3577,38.85558791053566,47.03991751282069,12.608311502736862,9,2019,256,0.6816387600233341,0.6452648114885879,11.99092493799372,0.011395975502617617,834,12.809476883623567,-2.1249289848818407,3.619812657077299,-1.289641057705902,22.564703,130.89069,8.73151,28.502051964898758,1482.566156431686,0.65625,0.0029296875,276.8505859375,872.974609375,1772.6826171875,1649.857421875,1049.71484375,2.578976176861002,16.349284656988484,17.31883208208163,38.4223884770025,34.111328125,212.5966796875,243.0517578125,545.4130859375,16.6259765625,111.27734375,110.244140625,295.7041015625,2019-09-13,409.63
1170,1171,40.8,44.3,13.35,11.3,94425.0,-1332480.0,3577,38.856908571299044,47.83699798652644,11.781165428996486,9,2019,263,0.6816387600233341,0.6597965213074676,12.071447034841347,0.01157157481573634,841,12.809476883623567,-2.1249289848818407,3.619812657077299,-1.289641057705902,22.564703,130.89069,8.73151,28.502051964898758,1482.566156431686,0.65625,0.001953125,197.2607421875,952.5654296875,1772.6826171875,1581.0068359375,1118.5654296875,2.7070896247511818,15.863726485732121,18.928260833849485,40.40375729798124,36.4912109375,210.8046875,246.7080078125,548.72265625,17.146484375,112.173828125,127.9033203125,265.8974609375,2019-09-20,409.63
1171,1172,35.3,51.9,11.2,13.35,94425.0,-1332480.0,3577,38.49951720105943,48.80697754257396,11.192717035285023,9,2019,264,0.6816387600233341,0.6618527940178025,12.083036891448428,0.011589856607081117,842,12.809476883623567,-2.1249289848818407,3.619812657077299,-1.289641057705902,22.564703,130.89069,8.73151,28.502051964898758,1482.566156431686,0.65625,0.001953125,195.056640625,954.76953125,1772.498046875,1551.576171875,1148.1806640625,2.585960456294621,15.849398366233265,19.324646751634912,39.909603985587836,36.451171875,212.6650390625,245.857421875,552.134765625,17.666015625,111.8447265625,125.5625,266.9365234375,2019-09-21,409.63
1172,1173,37.55,52.1,8.85,11.2,94425.0,-1332480.0,3577,38.285035398032775,48.508472487257805,11.618673431829592,9,2019,271,0.6816387600233341,0.6761067413467257,12.164534475222968,0.011669921720059762,849,12.809476883623567,-2.1249289848818407,3.619812657077299,-1.289641057705902,22.564703,130.89069,8.73151,28.502051964898758,1482.566156431686,0.65625,0.001953125,187.6640625,962.15625,1771.728515625,1526.505859375,1174.0263671875,2.8035480139537032,14.970310079722346,18.435358822527885,41.603180729930244,38.05078125,219.595703125,249.1162109375,556.009765625,20.4462890625,131.736328125,129.5107421875,271.419921875,2019-09-28,409.63
1173,1174,41.2,45.65,11.5,10.95,94425.0,-1332480.0,3577,39.20970036155208,47.65012093169276,11.460565440749487,9,2019,272,0.6816387600233341,0.6781228416014485,12.176208838131453,0.011674362908484781,850,12.809476883623567,-2.1249289848818407,3.619812657077299,-1.289641057705902,22.564703,130.89069,8.73151,28.502051964898758,1482.566156431686,0.65625,0.001953125,187.6640625,962.1552734375,1771.7294921875,1526.505859375,1174.0263671875,2.613395221190113,15.496298919095008,17.954953999710597,41.72647465757949,38.111328125,221.4658203125,250.326171875,559.361328125,20.92578125,131.7470703125,131.140625,274.4287109375,2019-09-29,409.63
1174,1175,40.9,44.95,12.5,11.05,94425.0,-1332480.0,3577,39.32074844659396,47.51154031726078,11.450591204459462,10,2019,279,0.7401768531960371,0.6920921792562543,12.257898145665783,0.011653137581047801,857,12.809476883623567,-2.1249289848818407,3.619812657077299,-1.289641057705902,22.564703,130.89069,8.73151,28.502051964898758,1482.566156431686,0.001953125,0.654296875,97.1865234375,1052.6337890625,1770.7763671875,1500.3955078125,1200.908203125,3.0780424992273563,17.9755197619021,18.10969414028512,42.36259657520846,36.984375,233.197265625,259.5771484375,566.6357421875,21.748046875,126.953125,152.6728515625,295.3251953125,2019-10-06,409.63
1175,1176,38.0,48.65,11.65,10.95,94425.0,-1332480.0,3577,39.68997272077174,47.17741206161554,11.451412828655702,10,2019,287,0.7401768531960371,0.7077451560938813,12.350546973176193,0.011503989543195203,865,12.809476883623567,-2.1249289848818407,3.619812657077299,-1.289641057705902,22.564703,130.89069,8.73151,28.502051964898758,1482.566156431686,0.0,0.65625,85.6259765625,1063.4365234375,1771.3271484375,1499.3623046875,1201.919921875,3.3195798995120525,19.38826112299855,21.569063240835884,41.688880978884555,39.484375,238.1748046875,269.8642578125,583.544921875,19.908203125,129.81640625,149.7431640625,323.9453125,2019-10-14,409.63
1176,1177,41.25,44.95,12.05,10.45,94425.0,-1332480.0,3577,40.590980897321586,46.27262087756752,11.469914708612684,10,2019,288,0.7401768531960371,0.7096780257714862,12.362021711595915,0.011474738419721575,866,12.809476883623567,-2.1249289848818407,3.619812657077299,-1.289641057705902,22.564703,130.89069,8.73151,28.502051964898758,1482.566156431686,0.0,0.65625,85.6259765625,1062.482421875,1772.28125,1499.3623046875,1201.8310546875,3.0646411057823895,19.831089908922575,21.484175387603575,41.89255594830656,38.904296875,239.03515625,269.4775390625,587.5849609375,18.767578125,128.45703125,149.6845703125,326.4658203125,2019-10-15,409.63
1177,1178,41.3,44.15,12.6,10.8,94425.0,-1332480.0,3577,42.342454913501214,45.04907522817065,10.924654293073713,10,2019,295,0.7401768531960371,0.7230581526221209,12.441301133636614,0.011194037060816342,873,12.809476883623567,-2.1249289848818407,3.619812657077299,-1.289641057705902,22.564703,130.89069,8.73151,28.502051964898758,1482.566156431686,0.0,0.65625,84.8994140625,1058.1572265625,1755.064453125,1521.4873046875,1201.974609375,3.3228315630223086,20.12392664394924,22.895731014704964,45.42177733619955,41.103515625,246.0244140625,277.939453125,606.736328125,20.267578125,128.119140625,147.224609375,345.009765625,2019-10-22,409.63
1178,1179,45.0,47.4285714285714,6.28571428571429,12.7142857142857,94437.8571428571,-1332443.57142857,3577,44.215583797001344,43.95961561657498,10.216981470540318,10,2019,303,0.7401768531960371,0.7380238129201978,12.528708079162376,0.010685157282722457,881,12.809476883623567,-2.1249289848818407,3.619812657077299,-1.289641057705902,22.564703,130.89069,8.73151,28.502051964898758,1482.566156431686,34.4345703125,0.65625,66.7314453125,1075.1162109375,1752.587890625,1507.4423828125,1219.705078125,2.345451237679029,16.0939543613823,23.499082903215875,50.23747947833742,35.7939453125,225.6630859375,285.7685546875,625.521484375,22.2978515625,146.7880859375,149.90625,337.09375,2019-10-30,409.63
1179,1180,43.55,43.65,11.4,9.85,94425.0,-1332480.0,3577,46.490241543794966,42.76195275312283,9.244070892985922,10,2019,304,0.7401768531960371,0.7398697384878806,12.539313472093795,0.010605392931418933,882,12.809476883623567,-2.1249289848818407,3.619812657077299,-1.289641057705902,22.564703,130.89069,8.73151,28.502051964898758,1482.566156431686,34.5244140625,0.65625,62.8232421875,1079.015625,1726.087890625,1533.951171875,1219.705078125,2.651135461210135,15.139755685562887,23.450319833331534,50.62425349489986,37.7744140625,222.79296875,283.8583984375,627.0849609375,23.908203125,144.337890625,153.076171875,337.345703125,2019-10-31,409.63
1180,1181,52.75,37.45,8.15,12.4,94425.0,-1332480.0,3577,49.477652687862005,39.94925925467123,9.066965232908153,11,2019,311,0.793577803248942,0.7526349479176189,12.61098039455272,0.009933355624117013,889,12.809476883623567,-2.1249289848818407,3.619812657077299,-1.289641057705902,22.564703,130.89069,8.73151,28.502051964898758,1482.566156431686,67.060546875,0.65625,13.0322265625,1120.8837890625,1731.0537109375,1518.330078125,1236.46484375,2.302067523683812,13.893832525315878,17.79089114677302,52.590397940627824,37.8017578125,221.3740234375,260.5673828125,641.4658203125,24.15625,149.529296875,168.24609375,340.7373046875,2019-11-07,409.63
1181,1182,50.5,38.5,9.4,12.35,94425.0,-1332480.0,3577,52.158729351136415,37.051165552708,9.254767523496792,11,2019,320,0.793577803248942,0.7686399738142345,12.694722434512105,0.00874426938151629,898,12.809476883623567,-2.1249289848818407,3.619812657077299,-1.289641057705902,22.564703,130.89069,8.73151,28.502051964898758,1482.566156431686,67.1025390625,0.65625,3.2099609375,1114.44921875,1681.416015625,1530.3193359375,1262.1767578125,3.7151725395569564,18.986993352626055,15.969458218792688,46.515174981091896,41.9423828125,238.8017578125,259.3134765625,619.8515625,25.0263671875,148.025390625,173.103515625,371.7666015625,2019-11-16,409.63
1182,1183,55.5333333333333,34.4,8.46666666666667,13.2,94413.0,-1332469.0,3577,52.74844154812406,36.37252778181028,9.329072733250905,11,2019,327,0.793577803248942,0.7807657406186524,12.751264129210702,0.0075415510197966995,905,12.809476883623567,-2.1249289848818407,3.619812657077299,-1.289641057705902,22.564703,130.89069,8.73151,28.502051964898758,1482.566156431686,70.2451171875,0.65625,0.0029296875,1078.5771484375,1669.4765625,1580.7861328125,1259.953125,2.8971613750091176,18.147002238832663,22.70216589218301,39.03431336655305,39.501953125,239.37109375,280.744140625,595.306640625,25.3056640625,146.49609375,173.0517578125,391.7939453125,2019-11-23,409.63
1183,1184,51.5,37.4,9.85,12.5,94425.0,-1332480.0,3577,53.767883045738785,36.24521716672878,8.337261190820316,12,2019,335,0.8414709848078965,0.7942718851028194,12.804256814695966,0.0058645928289795535,913,12.809476883623567,-2.1249289848818407,3.619812657077299,-1.289641057705902,22.564703,130.89069,8.73151,28.502051964898758,1482.566156431686,54.7705078125,34.9833984375,0.6572265625,1046.0576171875,1688.5625,1529.2353515625,1287.568359375,2.696654849451308,15.038994075091644,20.283633733813172,44.62343877154606,38.76171875,229.6318359375,277.1630859375,618.041015625,26.4462890625,149.3759765625,170.591796875,396.828125,2019-12-01,409.63
1184,1185,52.0,39.0,7.0,11.0,94485.0,-1332435.0,3577,53.262540864700085,38.51991352300375,6.486753494182865,12,2019,336,0.8414709848078965,0.7959334568326875,12.80989018772337,0.005633373027404076,914,12.809476883623567,-2.1249289848818407,3.619812657077299,-1.289641057705902,22.564703,130.89069,8.73151,28.502051964898758,1482.566156431686,55.4833984375,35.36328125,0.6572265625,1045.9384765625,1688.681640625,1506.2158203125,1310.587890625,2.5547767428991692,15.481603390238924,19.061361893158463,45.49936213961932,38.0087890625,230.9013671875,273.79296875,621.4814453125,26.52734375,152.166015625,169.6123046875,395.607421875,2019-12-02,409.63
1185,1186,54.35,36.25,7.6,13.6,94425.0,-1332480.0,3577,50.75405110884228,41.906592169434205,5.719683051725541,12,2019,343,0.8414709848078965,0.8073964843387994,12.84248776970657,0.0038961828357582107,921,12.809476883623567,-2.1249289848818407,3.619812657077299,-1.289641057705902,22.564703,130.89069,8.73151,28.502051964898758,1482.566156431686,24.5712890625,67.0625,0.6572265625,1031.6455078125,1659.9208984375,1548.935546875,1274.5966796875,3.153114690695614,18.8932145332208,18.036380133138092,48.591265813985096,40.30859375,241.3046875,268.91015625,635.9609375,27.0673828125,160.263671875,178.693359375,392.1162109375,2019-12-09,409.63
1186,1187,48.6,45.8,4.25,11.3,94425.0,-1332480.0,3577,49.21126458679903,43.78689839571538,5.513340838727013,12,2019,351,0.8414709848078965,0.8201332336486015,12.863931981873199,0.0017107000126177496,929,12.809476883623567,-2.1249289848818407,3.619812657077299,-1.289641057705902,22.564703,130.89069,8.73151,28.502051964898758,1482.566156431686,42.109375,67.103515625,0.658203125,997.9140625,1674.9833984375,1524.548828125,1303.3115234375,2.3918371350847094,16.216947169910796,22.81617288710998,43.128465700599776,38.779296875,235.283203125,284.0029296875,621.9248046875,25.126953125,154.2314453125,186.5107421875,400.3583984375,2019-12-17,409.63
1187,1188,47.2,48.5,2.8,12.0,94425.0,-1332480.0,3577,48.634315529664306,43.58506895580548,6.332503409901846,12,2019,352,0.8414709848078965,0.8216977498410493,12.865359504497215,0.001427522624016575,930,12.809476883623567,-2.1249289848818407,3.619812657077299,-1.289641057705902,22.564703,130.89069,8.73151,28.502051964898758,1482.566156431686,42.7509765625,67.126953125,0.658203125,997.9140625,1674.9833984375,1524.3994140625,1288.826171875,2.296822158891334,15.487112211860946,23.087102302235966,42.50289100364961,38.46875,233.833984375,284.7822265625,620.51171875,26.1171875,152.28125,186.970703125,402.33984375,2019-12-18,409.63
1188,1189,52.5,40.45,5.45,12.15,94425.0,-1332480.0,3577,48.51370059248592,40.742640022510095,9.295172732323046,12,2019,359,0.8414709848078965,0.8324760146661249,12.867337106426614,-0.0005797411773436068,937,12.809476883623567,-2.1249289848818407,3.619812657077299,-1.289641057705902,22.564703,130.89069,8.73151,28.502051964898758,1482.566156431686,34.9833984375,79.087890625,0.658203125,957.2919921875,1686.94140625,1490.55078125,1289.5302734375,3.137949466821384,16.73170091110525,17.78393437075228,46.52863141272711,40.62890625,235.703125,272.302734375,631.5009765625,26.3369140625,156.552734375,178.3984375,419.6982421875,2019-12-25,409.63
1189,1190,45.7,39.6,13.7,17.0,94425.0,-1332480.0,3577,53.47637099741564,36.7484076295167,8.264861763622138,12,2019,360,0.8414709848078965,0.8339908640186026,12.866470207660187,-0.0008668987664268712,938,12.809476883623567,-2.1249289848818407,3.619812657077299,-1.289641057705902,22.564703,130.89069,8.73151,28.502051964898758,1482.566156431686,29.197265625,84.8828125,0.658203125,953.75390625,1686.9716796875,1494.05859375,1283.044921875,3.0193894175594442,17.386675521192295,17.15755897256935,47.06224861897486,40.05859375,237.123046875,271.6826171875,633.248046875,25.9267578125,158.15234375,176.458984375,421.2392578125,2019-12-26,409.63
1190,1191,55.8,28.15,14.75,13.6,94425.0,-1332480.0,3577,56.941565091246986,32.61281798696172,9.047761371753829,1,2020,18,0.08323691620031025,0.04929508207995412,12.769825111249844,-0.006872388348874381,961,12.809476883623567,-2.1249289848818407,3.619812657077299,-1.289641057705902,22.564703,130.89069,8.73151,28.502051964898758,1482.566156431686,309.5947265625,114.0625,0.65625,710.931640625,1591.9619140625,1702.0888671875,1324.3330078125,1.5529088408668046,9.05769534062834,8.915651936470404,38.099745691197874,35.1484375,212.48828125,237.1552734375,609.259765625,23.7744140625,154.07421875,175.5078125,412.83203125,2020-01-18,412.1
1191,1192,67.35,24.55,6.25,14.15,94425.0,-1332480.0,3577,60.810187490518956,27.47213514039729,10.262170646689238,1,2020,19,0.08323691620031025,0.052031288878488506,12.762743321427202,-0.007081789822642293,962,12.809476883623567,-2.1249289848818407,3.619812657077299,-1.289641057705902,22.564703,130.89069,8.73151,28.502051964898758,1482.566156431686,309.6787109375,114.0625,0.65625,700.263671875,1594.9755859375,1709.7431640625,1324.3330078125,1.6328024313939304,9.807338614752057,7.59491556370516,37.35452498970366,36.1181640625,215.5390625,232.3046875,607.4990234375,26.494140625,152.7744140625,174.1484375,411.8486328125,2020-01-19,412.1
1192,1193,62.4,23.1,12.65,12.55,94425.0,-1332480.0,3577,64.58322871351415,23.330473652867273,10.684726163873282,1,2020,26,0.08323691620031025,0.07117265126751228,12.707731228017998,-0.008405956971555995,969,12.809476883623567,-2.1249289848818407,3.619812657077299,-1.289641057705902,22.564703,130.89069,8.73151,28.502051964898758,1482.566156431686,383.990234375,105.8583984375,8.8779296875,615.3408203125,1607.2314453125,1654.6513671875,1388.92578125,1.1731010901325774,5.204140917934922,11.440141046145987,24.568855951252942,34.0283203125,189.9765625,251.6572265625,561.171875,26.3642578125,152.6943359375,179.2685546875,402.6982421875,2020-01-26,412.1
1193,1194,74.05,22.25,2.5,18.45,94425.0,-1332480.0,3577,68.82963229369571,20.490854950324916,9.280056425203231,2,2020,50,0.16589613269341502,0.1365582728789229,12.46655809063903,-0.011146152505563833,993,12.809476883623567,-2.1249289848818407,3.619812657077299,-1.289641057705902,22.564703,130.89069,8.73151,28.502051964898758,1482.566156431686,249.38671875,354.103515625,70.3486328125,448.525390625,1117.0458984375,1908.9931640625,1494.212890625,1.3148050939616658,8.77010330519725,8.737888889386495,17.20633754931616,35.2236328125,213.3837890625,243.7783203125,532.8701171875,24.0380859375,159.3486328125,175.787109375,409.8818359375,2020-02-19,412.1
1194,1195,72.0,25.55,1.45,18.3,94425.0,-1332480.0,3577,71.37425553293416,19.62106474356283,7.637618718287213,2,2020,59,0.16589613269341502,0.16094082999888235,12.363840182388428,-0.01158895909382629,1002,12.809476883623567,-2.1249289848818407,3.619812657077299,-1.289641057705902,22.564703,130.89069,8.73151,28.502051964898758,1482.566156431686,311.9189453125,417.7978515625,88.474609375,351.7138671875,1155.3369140625,1893.6015625,1522.3974609375,0.5942518894630642,6.202864153034139,9.676638892899097,19.646691967651183,29.7041015625,203.0341796875,246.52734375,551.275390625,25.7177734375,151.4384765625,177.255859375,407.0986328125,2020-02-28,412.1
1195,1196,57.5454545454545,15.7272727272727,25.7272727272727,15.2727272727273,94419.5454545455,-1332505.90909091,3577,72.35885155351048,19.14661347334099,7.046256911590671,3,2020,66,0.24740395925452294,0.17983815151477422,12.281906949603053,-0.01177371198390631,1009,12.809476883623567,-2.1249289848818407,3.619812657077299,-1.289641057705902,22.564703,130.89069,8.73151,28.502051964898758,1482.566156431686,352.5771484375,460.421875,91.4287109375,317.580078125,1095.23046875,1938.1025390625,1545.650390625,1.2537642987328095,5.237854165333073,6.797116042497203,21.140250570320283,33.583984375,197.494140625,232.73828125,560.2939453125,26.115234375,153.736328125,177.15625,406.6689453125,2020-03-06,412.1
1196,1197,79.3,16.55,2.05,18.6,94425.0,-1332480.0,3577,70.92434105113121,20.59965704908997,7.078351360258326,3,2020,74,0.24740395925452294,0.20135369573249767,12.187307790749482,-0.011844640779443694,1017,12.809476883623567,-2.1249289848818407,3.619812657077299,-1.289641057705902,22.564703,130.89069,8.73151,28.502051964898758,1482.566156431686,361.14453125,534.5380859375,104.8134765625,279.8740234375,1103.46484375,1909.369140625,1567.8759765625,1.6852955339865996,7.466886377775857,7.180115375853575,18.682016098796048,35.654296875,202.8935546875,234.4775390625,547.4541015625,26.5654296875,148.3212890625,181.80859375,406.48828125,2020-03-14,412.1
1197,1198,76.7692307692308,21.5384615384615,0.307692307692308,18.6923076923077,94418.0769230769,-1332499.61538462,3577,71.34203942692886,20.278762160999477,6.85901611757124,3,2020,82,0.24740395925452294,0.22277251545669122,12.092730662565597,-0.011786963409258888,1025,12.809476883623567,-2.1249289848818407,3.619812657077299,-1.289641057705902,22.564703,130.89069,8.73151,28.502051964898758,1482.566156431686,271.15234375,625.8603515625,114.0712890625,200.638671875,1073.62109375,1901.09375,1616.6337890625,2.118301882710791,10.91293620659102,9.753829326953042,15.86705113946227,35.84375,212.3935546875,240.107421875,533.9443359375,25.384765625,152.2802734375,175.966796875,408.73828125,2020-03-22,412.1
1198,1199,73.5,19.6,5.05,16.25,94425.0,-1332480.0,3577,72.05739663894317,20.918024468329847,5.369225220426,3,2020,83,0.24740395925452294,0.2254425540018297,12.080959303367457,-0.011771359198139209,1026,12.809476883623567,-2.1249289848818407,3.619812657077299,-1.289641057705902,22.564703,130.89069,8.73151,28.502051964898758,1482.566156431686,262.625,634.3896484375,114.0712890625,197.9189453125,1071.451171875,1895.5927734375,1624.7158203125,2.3933734039109638,11.43696780625499,10.440311431904181,15.838329398480678,35.9541015625,213.603515625,242.2373046875,534.4638671875,25.4951171875,152.4296875,177.787109375,407.8857421875,2020-03-23,412.1
1199,1200,62.15,28.95,7.5,15.0,94425.0,-1332480.0,3577,71.25963824219488,22.420603640223998,4.611373753656942,4,2020,98,0.3271946967961522,0.2652788769038835,11.907507109983527,-0.011316205340502705,1041,12.809476883623567,-2.1249289848818407,3.619812657077299,-1.289641057705902,22.564703,130.89069,8.73151,28.502051964898758,1482.566156431686,146.17578125,699.0380859375,223.5263671875,140.1328125,1069.27734375,1841.66796875,1712.0419921875,1.8044389559658456,10.814138968542881,11.973551857471005,27.157135108982857,35.7421875,217.693359375,246.6181640625,560.1630859375,25.361328125,152.3798828125,174.3955078125,403.8017578125,2020-04-07,412.1
1200,1201,71.75,22.15,4.1,17.9,94425.0,-1332480.0,3577,72.30502742077036,23.826302216474886,2.176385819467182,4,2020,106,0.3271946967961522,0.28634599979986336,11.818799650989765,-0.010891064522150273,1049,12.809476883623567,-2.1249289848818407,3.619812657077299,-1.289641057705902,22.564703,130.89069,8.73151,28.502051964898758,1482.566156431686,170.3603515625,621.96484375,385.1337890625,86.2822265625,1113.560546875,1731.8115234375,1831.4658203125,1.9476147936960508,8.189541637063508,12.953920466333937,29.631211546563343,35.58203125,199.251953125,252.9736328125,568.5244140625,24.4912109375,145.1357421875,177.7978515625,401.9697265625,2020-04-15,412.1
1201,1202,72.75,24.65,1.35,19.0,94425.0,-1332480.0,3577,70.27671798312568,25.932118120028036,2.0762190298386303,4,2020,114,0.3271946967961522,0.3072755703568896,11.7341512102672,-0.010316452006145838,1057,12.809476883623567,-2.1249289848818407,3.619812657077299,-1.289641057705902,22.564703,130.89069,8.73151,28.502051964898758,1482.566156431686,167.357421875,537.09375,473.9921875,85.5556640625,1066.16015625,1777.259765625,1788.7822265625,2.526287350008915,11.801148532745561,10.287840201587453,28.51966258212699,36.7119140625,217.8017578125,235.244140625,570.7783203125,22.87109375,147.56640625,169.697265625,402.5087890625,2020-04-23,412.1
1202,1203,71.95,22.8,3.2,17.9,94425.0,-1332480.0,3577,66.7521091435257,27.357600044628583,4.180628671161505,4,2020,115,0.3271946967961522,0.3098815935404807,11.723918275253133,-0.010232935014066413,1058,12.809476883623567,-2.1249289848818407,3.619812657077299,-1.289641057705902,22.564703,130.89069,8.73151,28.502051964898758,1482.566156431686,164.318359375,517.8564453125,496.26171875,85.5625,1066.16015625,1777.259765625,1788.7822265625,2.409197151844742,12.47567460069305,11.165699157320867,28.239306487646424,36.251953125,218.9013671875,240.083984375,568.9169921875,24.861328125,145.65625,171.8076171875,399.8447265625,2020-04-24,412.1
1203,1204,63.85,34.0,0.65,18.45,94425.0,-1332480.0,3577,66.00696594426257,29.89705557599848,2.3186191517457404,5,2020,130,0.40471456356112473,0.3486819095177108,11.582441957811639,-0.008621514759420634,8,9.109586753643498,-2.1249289848818407,3.619812657077299,-1.289641057705902,22.564703,130.89069,8.73151,28.502051964898758,1482.566156431686,99.9658203125,474.1123046875,537.2705078125,80.783203125,1138.0263671875,1771.4521484375,1768.3193359375,2.164357831726937,15.679057275969825,16.393895856654062,29.29035631744034,34.888671875,205.1337890625,255.4716796875,562.8720703125,22.845703125,138.6259765625,162.8427734375,388.9873046875,2020-05-09,412.1
1204,1205,63.25,31.6,3.15,16.9,94425.0,-1332480.0,3577,63.89881681784752,32.482911515724,1.8926107947776953,5,2020,131,0.40471456356112473,0.3512483815892772,11.57395376104322,-0.008488196768418277,9,9.109586753643498,-2.1249289848818407,3.619812657077299,-1.289641057705902,22.564703,130.89069,8.73151,28.502051964898758,1482.566156431686,35.458984375,531.81640625,544.0732421875,80.783203125,1138.0263671875,1771.4521484375,1741.896484375,2.088113784295446,15.17107036171691,16.713728124723044,30.668966469023196,34.939453125,206.75390625,251.6279296875,569.2119140625,21.3857421875,138.9453125,161.7578125,389.927734375,2020-05-10,412.1
1205,1206,60.65,34.15,3.3,16.55,94425.0,-1332480.0,3577,60.66836476216375,34.50820649937781,3.0654138431223625,5,2020,138,0.40471456356112473,0.3691387877133873,11.518560174004945,-0.007457801418388144,16,9.109586753643498,-2.1249289848818407,3.619812657077299,-1.289641057705902,22.564703,130.89069,8.73151,28.502051964898758,1482.566156431686,6.83984375,530.990234375,580.1826171875,80.8154296875,1138.0263671875,1771.4521484375,1718.92578125,2.055791492954557,13.76098974469615,17.259184146012355,36.21699543642537,35.1494140625,208.50390625,241.693359375,580.755859375,24.765625,142.8759765625,160.3310546875,379.8779296875,2020-05-17,412.1
1206,1207,52.45,40.2,5.85,12.05,94425.0,-1332480.0,3577,57.32666543981477,37.164123492600915,3.8290631968644817,5,2020,139,0.40471456356112473,0.37168363004143945,11.51126358030169,-0.007296593703253862,17,9.109586753643498,-2.1249289848818407,3.619812657077299,-1.289641057705902,22.564703,130.89069,8.73151,28.502051964898758,1482.566156431686,7.779296875,531.1259765625,577.6259765625,74.7919921875,1146.6064453125,1771.4521484375,1710.8720703125,2.234430434934592,13.660817487250318,16.50943345659166,37.431653988338994,34.708984375,208.154296875,243.5830078125,578.8134765625,25.2158203125,144.6552734375,160.6611328125,378.1328125,2020-05-18,412.1
1207,1208,60.1,37.75,0.8,17.4,94425.0,-1332480.0,3577,55.93687891055476,38.36340145921616,4.0640087466706785,5,2020,146,0.40471456356112473,0.3894183423086505,11.46499298200285,-0.006071225229927535,24,9.109586753643498,-2.1249289848818407,3.619812657077299,-1.289641057705902,22.564703,130.89069,8.73151,28.502051964898758,1482.566156431686,9.09375,405.6142578125,687.9462890625,85.5419921875,1151.0556640625,1771.4521484375,1710.8720703125,2.2024935226960767,10.975843339369185,15.895247922184911,38.48138849904666,28.44921875,187.693359375,242.86328125,565.9326171875,18.9560546875,141.2158203125,169.87109375,368.6865234375,2020-05-25,412.1
1208,1209,55.65,37.1,5.45,16.05,94425.0,-1332480.0,3577,54.70899023576224,39.231494511674406,4.51825109874578,5,2020,147,0.40471456356112473,0.39194033242451504,11.45911030079075,-0.005882681212099783,25,9.109586753643498,-2.1249289848818407,3.619812657077299,-1.289641057705902,22.564703,130.89069,8.73151,28.502051964898758,1482.566156431686,9.09375,405.521484375,688.0390625,85.5419921875,1151.0556640625,1771.4521484375,1710.8720703125,2.1656555259997714,10.840588439365694,15.474209170090237,38.88766319593003,31.0888671875,181.3134765625,242.8935546875,563.619140625,17.24609375,136.826171875,168.640625,369.6513671875,2020-05-26,412.1
1209,1210,54.0,37.85,6.45,16.7,94425.0,-1332480.0,3577,53.66846760050292,39.71009764228985,5.040432787026461,6,2020,154,0.479425538604203,0.40951083159183166,11.423474749131595,-0.004475880409684052,32,9.109586753643498,-2.1249289848818407,3.619812657077299,-1.289641057705902,22.564703,130.89069,8.73151,28.502051964898758,1482.566156431686,9.09375,290.646484375,796.80859375,91.6474609375,1151.0556640625,1771.4521484375,1709.26171875,2.226661845821276,12.490266424427201,13.006243965365465,37.648144241297224,35.7685546875,202.103515625,212.40234375,554.884765625,19.6279296875,113.736328125,154.072265625,376.5341796875,2020-06-02,412.1
1210,1211,51.3,42.3,4.9,16.4,94425.0,-1332480.0,3577,52.808458723930706,40.35077507631084,5.272099417609466,6,2020,155,0.479425538604203,0.41200875800437725,11.41921133467746,-0.004263414454134917,33,9.109586753643498,-2.1249289848818407,3.619812657077299,-1.289641057705902,22.564703,130.89069,8.73151,28.502051964898758,1482.566156431686,9.09375,281.4091796875,805.607421875,92.0859375,1151.0556640625,1771.4521484375,1709.26171875,1.9304121876433882,13.017343113279292,12.678330048570878,36.769928875239906,33.228515625,206.0830078125,208.982421875,556.484375,20.48828125,116.0380859375,147.4521484375,377.82421875,2020-06-03,412.1
1211,1212,53.0,42.3,3.25,17.1,94425.0,-1332480.0,3577,52.234659767469296,40.07607439000029,5.9927558509592895,6,2020,162,0.479425538604203,0.4294066037120293,11.395520097915847,-0.002709946015261977,40,9.109586753643498,-2.1249289848818407,3.619812657077299,-1.289641057705902,22.564703,130.89069,8.73151,28.502051964898758,1482.566156431686,9.09375,178.009765625,907.443359375,93.6494140625,1151.0556640625,1771.4521484375,1704.4453125,1.826954343762879,12.323547720748007,14.94775530092268,32.93882546721913,32.029296875,196.0439453125,239.3115234375,521.8837890625,20.7578125,122.1484375,136.5263671875,364.615234375,2020-06-10,412.1
1212,1213,48.95,40.75,8.5,14.35,94425.0,-1332480.0,3577,51.59423022796865,40.5356849033259,6.1448375154248325,6,2020,163,0.479425538604203,0.43187926648963193,11.393040044145497,-0.00248005377035021,41,9.109586753643498,-2.1249289848818407,3.619812657077299,-1.289641057705902,22.564703,130.89069,8.73151,28.502051964898758,1482.566156431686,9.09375,177.947265625,903.689453125,97.4658203125,1151.0556640625,1771.4521484375,1704.4453125,2.0324902166415795,11.74345864065068,15.367132700952073,32.167704316255694,34.1787109375,196.2939453125,237.7822265625,520.3935546875,22.6083984375,122.388671875,138.248046875,358.8349609375,2020-06-11,412.1
1213,1214,52.35,39.15,6.65,15.0,94425.0,-1332480.0,3577,50.481976228098716,41.81664573815652,6.045157938036292,6,2020,170,0.479425538604203,0.4490961013155793,11.382230637418811,-0.0008349636213313971,48,9.109586753643498,-2.1249289848818407,3.619812657077299,-1.289641057705902,22.564703,130.89069,8.73151,28.502051964898758,1482.566156431686,1.322265625,176.798828125,895.3515625,114.72265625,1151.056640625,1771.4521484375,1704.4453125,2.3447941220164648,13.839643890303932,13.77594885729226,32.06062784711754,33.8291015625,209.4140625,230.47265625,515.2822265625,23.1083984375,132.73828125,144.9970703125,328.4423828125,2020-06-18,412.1
1214,1215,52.45,41.2,4.75,15.4,94425.0,-1332480.0,3577,51.26733204874854,41.72256922643297,5.415341315030909,6,2020,179,0.479425538604203,0.47098845096423725,11.385441893126439,0.0013071922633791644,57,9.109586753643498,-2.1249289848818407,3.619812657077299,-1.289641057705902,22.564703,130.89069,8.73151,28.502051964898758,1482.566156431686,0.0009765625,170.0322265625,881.3544921875,136.80859375,1151.056640625,1771.4521484375,1704.4453125,2.2797334229547475,12.813103173006905,15.687925957010544,33.72661860629914,33.80859375,197.0537109375,242.1728515625,536.5732421875,19.337890625,120.8681640625,156.236328125,326.3017578125,2020-06-27,412.1
1215,1216,51.6,40.7,6.05,15.2,94425.0,-1332480.0,3577,51.2570677000941,41.52568901685928,5.587760072743757,7,2020,186,0.5508090958869698,0.48781854354312465,11.401105042376106,0.0029247973711825637,64,9.109586753643498,-2.1249289848818407,3.619812657077299,-1.289641057705902,22.564703,130.89069,8.73151,28.502051964898758,1482.566156431686,0.0009765625,164.8251953125,818.3701171875,205.0,1151.056640625,1771.4521484375,1704.4453125,1.9749768215271717,13.084996614311171,15.092836595961652,34.04741186235761,34.021484375,202.4384765625,230.8623046875,540.9638671875,21.4482421875,114.95703125,140.2060546875,344.2900390625,2020-07-04,412.1
1216,1217,48.45,45.6,4.45,15.25,94425.0,-1332480.0,3577,51.20537573880462,41.86814609538442,5.327285717377801,7,2020,187,0.5508090958869698,0.4902083400321613,11.404254017494043,0.00314897511793788,65,9.109586753643498,-2.1249289848818407,3.619812657077299,-1.289641057705902,22.564703,130.89069,8.73151,28.502051964898758,1482.566156431686,0.0009765625,118.9140625,849.97265625,219.30859375,1151.056640625,1771.4521484375,1704.4453125,2.386508006491666,12.770597152231662,15.474600995826314,34.04190741479693,32.8408203125,202.4208984375,231.0322265625,543.4140625,22.8681640625,113.7470703125,141.5458984375,346.8203125,2020-07-05,412.1
1217,1218,51.75,43.25,3.75,15.6,94425.0,-1332480.0,3577,50.68769295719002,43.13730217150625,4.679003658879121,7,2020,194,0.5508090958869698,0.5068328870254867,11.432379619172275,0.004651907336940653,72,9.109586753643498,-2.1249289848818407,3.619812657077299,-1.289641057705902,22.564703,130.89069,8.73151,28.502051964898758,1482.566156431686,0.0009765625,14.6328125,789.3232421875,384.2373046875,1151.05859375,1771.4521484375,1699.474609375,2.460994043570176,13.205389252459232,15.15710515872333,35.56163890234893,35.4208984375,195.7470703125,235.26171875,541.36328125,23.587890625,123.0478515625,136.615234375,340.2890625,2020-07-12,412.1
1218,1219,50.5,41.6,6.25,14.3,94425.0,-1332480.0,3577,50.33491632206051,43.33636471886598,4.86682326960892,7,2020,195,0.5508090958869698,0.5091927471873186,11.437235474219946,0.004855855047670943,73,9.109586753643498,-2.1249289848818407,3.619812657077299,-1.289641057705902,22.564703,130.89069,8.73151,28.502051964898758,1482.566156431686,0.0009765625,10.0849609375,793.81640625,384.2919921875,1151.05859375,1771.4521484375,1682.20703125,2.4024149594057844,13.430461080309858,15.05308452267565,35.410081688346104,34.3310546875,199.88671875,232.4638671875,541.1533203125,23.017578125,125.587890625,137.1455078125,339.6181640625,2020-07-13,412.1
1219,1220,51.4,40.95,5.95,14.65,94425.0,-1332480.0,3577,48.90171830233019,42.95648964038416,6.6456685213641205,7,2020,202,0.5508090958869698,0.525603762643385,11.47667894179499,0.006196567270972508,80,9.109586753643498,-2.1249289848818407,3.619812657077299,-1.289641057705902,22.564703,130.89069,8.73151,28.502051964898758,1482.566156431686,0.0009765625,9.0986328125,726.7578125,452.3369140625,1151.05859375,1771.4521484375,1682.11328125,2.2190846113132423,14.725851906767401,15.832876039715643,34.77524025401121,33.9111328125,200.0556640625,234.2177734375,531.4443359375,18.4482421875,116.7763671875,148.60546875,320.52734375,2020-07-20,412.1
1220,1221,47.75,46.35,4.4,14.2,94425.0,-1332480.0,3577,50.627434622473494,43.79881970454072,4.025204534027462,7,2020,203,0.5508090958869698,0.527932552869423,11.483053921030093,0.0063749792351028844,81,9.109586753643498,-2.1249289848818407,3.619812657077299,-1.289641057705902,22.564703,130.89069,8.73151,28.502051964898758,1482.566156431686,0.0009765625,9.09375,706.6376953125,472.4619140625,1151.05859375,1771.4521484375,1682.11328125,2.3481183977114712,14.089616058988602,16.24822938911097,35.30759547996591,33.7109375,202.0458984375,234.5576171875,529.15625,15.84765625,112.7568359375,149.60546875,320.6767578125,2020-07-21,412.1
1221,1222,48.75,45.2,4.8,14.7,94425.0,-1332480.0,3577,49.9999011308534,44.859932018439245,3.607263995034354,7,2020,210,0.5508090958869698,0.5441221534109104,11.532385043086212,0.007527194875212473,88,9.109586753643498,-2.1249289848818407,3.619812657077299,-1.289641057705902,22.564703,130.89069,8.73151,28.502051964898758,1482.566156431686,0.0,9.0947265625,648.880859375,530.21875,1151.056640625,1771.4541015625,1682.11328125,2.638402564350998,14.383487702430529,16.437734456700074,36.081223873250565,33.1708984375,200.216796875,235.7568359375,532.681640625,20.1884765625,106.09765625,128.6044921875,328.736328125,2020-07-28,412.1
1222,1223,48.25,43.7,6.5,14.3,94425.0,-1332480.0,3577,48.27084875907684,45.17774253609492,5.057064813410808,7,2020,211,0.5508090958869698,0.5464187550176638,11.540062882503,0.007677839416787791,89,9.109586753643498,-2.1249289848818407,3.619812657077299,-1.289641057705902,22.564703,130.89069,8.73151,28.502051964898758,1482.566156431686,0.0,9.0947265625,641.55078125,537.548828125,1150.5390625,1771.9716796875,1682.11328125,2.6276122110172118,14.60348512452126,16.62752893207476,35.96989168836892,31.9111328125,199.966796875,237.037109375,530.7431640625,16.98828125,109.0185546875,127.734375,326.3564453125,2020-07-29,412.1
1223,1224,48.8,43.7,5.75,13.85,94425.0,-1332480.0,3577,45.93009434665095,46.22707426731504,6.399105246317912,8,2020,218,0.618369803069737,0.5623791636285749,11.597734703594348,0.008635588567036834,96,9.109586753643498,-2.1249289848818407,3.619812657077299,-1.289641057705902,22.564703,130.89069,8.73151,28.502051964898758,1482.566156431686,0.0,9.0947265625,617.7119140625,561.3876953125,1150.42578125,1772.0849609375,1682.11328125,1.9720923044126921,13.735358329425946,17.231097335538472,37.544336097768024,34.2587890625,196.1787109375,231.8779296875,535.31640625,18.9765625,94.6650390625,126.0068359375,316.9453125,2020-08-05,412.1
1224,1225,47.25,49.95,1.45,11.2,94425.0,-1332480.0,3577,44.91002872256071,45.574998376229956,8.08757460289847,8,2020,219,0.618369803069737,0.5646424733950354,11.60649356530392,0.00875886170957152,97,9.109586753643498,-2.1249289848818407,3.619812657077299,-1.289641057705902,22.564703,130.89069,8.73151,28.502051964898758,1482.566156431686,0.0,9.0947265625,612.52734375,566.572265625,1150.42578125,1772.0849609375,1682.11328125,1.8677888882439346,13.187776409332189,16.991748664979504,37.86339188313673,33.7685546875,198.2666015625,230.91796875,536.8662109375,19.537109375,98.93359375,123.7373046875,312.455078125,2020-08-06,412.1
1225,1226,46.0,47.9,4.7,13.8,94425.0,-1332480.0,3577,44.12404576846642,44.562574422474896,9.786291108271065,8,2020,226,0.618369803069737,0.5803660231565494,11.670985650307431,0.009531833056424688,104,9.109586753643498,-2.1249289848818407,3.619812657077299,-1.289641057705902,22.564703,130.89069,8.73151,28.502051964898758,1482.566156431686,0.0,2.3984375,545.7138671875,640.08203125,1149.859375,1772.6513671875,1682.11328125,2.4211209230576394,13.453138570393165,15.055565297576123,38.606911159005264,35.978515625,207.5341796875,232.03515625,533.2265625,18.3369140625,114.0517578125,118.470703125,286.5869140625,2020-08-13,412.1
1226,1227,29.8888888888889,39.6666666666667,29.1111111111111,6.0,94465.0,-1332485.0,3577,43.14938026685793,45.09811237048628,10.216975643803183,8,2020,227,0.618369803069737,0.5825949538541461,11.680615586533591,0.00962993622616004,105,9.109586753643498,-2.1249289848818407,3.619812657077299,-1.289641057705902,22.564703,130.89069,8.73151,28.502051964898758,1482.566156431686,0.0,2.3984375,545.7138671875,640.08203125,1149.859375,1772.6513671875,1682.11328125,2.019562530488165,14.246854456992768,14.097992466962738,38.96327835919111,35.439453125,210.2734375,233.6337890625,532.7265625,20.287109375,112.091796875,121.9892578125,285.2275390625,2020-08-14,412.1
1227,1228,48.3,44.3,5.7,13.2,94425.0,-1332480.0,3577,42.64220456909244,45.448075185358604,10.34880445446528,8,2020,234,0.618369803069737,0.5980740916275851,11.75053170140469,0.010237265774636128,112,9.109586753643498,-2.1249289848818407,3.619812657077299,-1.289641057705902,22.564703,130.89069,8.73151,28.502051964898758,1482.566156431686,0.0,0.0009765625,416.814453125,771.37890625,1149.859375,1772.6513671875,1674.541015625,2.4944371363433824,13.27536564574389,16.266416987480934,36.43374189407909,37.5087890625,216.0546875,245.712890625,529.3232421875,20.7470703125,118.771484375,132.37890625,279.482421875,2020-08-21,412.1
1228,1229,46.15,47.45,4.6,11.85,94425.0,-1332480.0,3577,43.020144995403356,45.74213306653556,9.680597548666821,8,2020,243,0.618369803069737,0.617651840044935,11.845795821029425,0.010834740603613113,121,9.109586753643498,-2.1249289848818407,3.619812657077299,-1.289641057705902,22.564703,130.89069,8.73151,28.502051964898758,1482.566156431686,0.0,0.0009765625,320.599609375,866.939453125,1150.482421875,1772.6826171875,1672.7802734375,2.723617926788102,19.08693724336564,16.982006579749076,34.49181603132017,35.109375,216.1630859375,256.59375,551.2451171875,19.9365234375,113.2216796875,138.2578125,295.642578125,2020-08-30,412.1
1229,1230,45.15,45.05,8.15,11.85,94425.0,-1332480.0,3577,42.37705266778285,47.225660795663515,8.749638980141178,9,2020,250,0.6816387600233341,0.6326199676319089,11.923064629424056,0.011177059132826628,128,9.109586753643498,-2.1249289848818407,3.619812657077299,-1.289641057705902,22.564703,130.89069,8.73151,28.502051964898758,1482.566156431686,0.0048828125,0.0009765625,201.5146484375,986.0244140625,1150.482421875,1772.6826171875,1649.857421875,2.635400274888517,16.50115349010776,21.81055517015374,37.37583014410651,37.4111328125,223.7509765625,251.2724609375,574.205078125,20.67578125,135.71875,133.158203125,311.9111328125,2020-09-06,412.1
1230,1231,40.1,52.5,5.9,11.9,94425.0,-1332480.0,3577,41.82345469965833,48.77866540335259,7.640489552269412,9,2020,251,0.6816387600233341,0.6347394054621148,11.934282750456918,0.011218121032861461,129,9.109586753643498,-2.1249289848818407,3.619812657077299,-1.289641057705902,22.564703,130.89069,8.73151,28.502051964898758,1482.566156431686,0.0048828125,0.0009765625,188.4130859375,999.1259765625,1150.482421875,1772.6826171875,1649.857421875,2.6542802774989336,16.304197040268942,21.60166370695928,38.345665124092264,37.220703125,224.783203125,250.8427734375,576.705078125,19.595703125,134.447265625,137.908203125,309.62109375,2020-09-07,412.1
1231,1232,41.25,50.4,6.9,12.05,94425.0,-1332480.0,3577,44.18834543870547,48.94703077596268,5.180032020555933,9,2020,258,0.6816387600233341,0.649441180325217,12.01380586755136,0.01145471602596615,136,9.109586753643498,-2.1249289848818407,3.619812657077299,-1.289641057705902,22.564703,130.89069,8.73151,28.502051964898758,1482.566156431686,0.0048828125,0.0009765625,179.2001953125,1008.3369140625,1150.484375,1772.6826171875,1649.857421875,2.6805419222681626,17.25040186271079,18.958477317767876,43.74106280993155,36.9208984375,220.9853515625,262.00390625,580.4345703125,19.7255859375,125.0751953125,154.04296875,314.4306640625,2020-09-14,412.1
1232,1233,44.55,44.75,8.75,10.15,94425.0,-1332480.0,3577,44.55708309035002,49.19686763998398,4.682688104717712,9,2020,266,0.6816387600233341,0.6659504202533076,12.106264665188416,0.011621330408765118,144,9.109586753643498,-2.1249289848818407,3.619812657077299,-1.289641057705902,22.564703,130.89069,8.73151,28.502051964898758,1482.566156431686,0.888671875,0.0,172.615234375,1014.9228515625,1150.484375,1771.72265625,1526.505859375,2.864560427065955,15.62579058766243,20.014033401549707,46.341998907647636,38.8212890625,222.765625,257.1962890625,586.7060546875,25.8857421875,143.775390625,144.8310546875,329.9443359375,2020-09-22,412.1
1233,1234,40.5263157894737,54.2105263157895,3.84210526315789,11.6842105263158,94421.8421052632,-1332482.36842105,3577,41.877628525398066,50.32137001827468,6.4553029231364025,9,2020,267,0.6816387600233341,0.6679917430213101,12.1178991757667,0.011634510578284463,145,9.109586753643498,-2.1249289848818407,3.619812657077299,-1.289641057705902,22.564703,130.89069,8.73151,28.502051964898758,1482.566156431686,0.888671875,0.0,172.615234375,1014.9228515625,1150.484375,1771.72265625,1526.505859375,2.972285561313994,15.787705153956976,20.01167043669148,46.005759545355474,39.310546875,224.8759765625,256.736328125,587.068359375,24.0458984375,148.7353515625,144.87109375,333.6328125,2020-09-23,412.1
1234,1235,43.85,49.15,5.5,11.55,94425.0,-1332480.0,3577,43.7808597952414,50.74946385697624,4.187020906419009,10,2020,275,0.7401768531960371,0.6841405417018135,12.211240357483112,0.01167672882734827,153,9.109586753643498,-2.1249289848818407,3.619812657077299,-1.289641057705902,22.564703,130.89069,8.73151,28.502051964898758,1482.566156431686,11.6806640625,0.0,165.525390625,1022.0126953125,1150.4765625,1771.73046875,1523.3974609375,3.0036876718430703,16.508938018809964,18.80729259233966,44.56503990722686,38.611328125,231.35546875,266.076171875,593.154296875,24.9462890625,141.8466796875,174.6611328125,336.275390625,2020-10-01,412.1
1235,1236,53.2,44.1,1.75,15.1,94425.0,-1332480.0,3577,44.546658384789254,50.432732999435586,3.816736286362568,11,2020,306,0.793577803248942,0.7435449152138038,12.5602693343749,0.01043411918921855,184,9.109586753643498,-2.1249289848818407,3.619812657077299,-1.289641057705902,22.564703,130.89069,8.73151,28.502051964898758,1482.566156431686,47.685546875,11.6806640625,9.0947265625,1143.08203125,1177.4072265625,1725.865234375,1534.623046875,3.2510625069805856,14.385969751511704,19.06123156287674,41.77586658621364,40.2236328125,224.5732421875,270.787109375,605.8037109375,23.1982421875,150.3681640625,170.546875,384.0087890625,2020-11-01,412.1
1236,1237,48.25,50.8,0.15,11.3,94425.0,-1332480.0,3577,47.22911194231166,49.22961275321629,2.273854123715279,11,2020,315,0.793577803248942,0.7598053683187144,12.64953522822113,0.009452663188943333,193,9.109586753643498,-2.1249289848818407,3.619812657077299,-1.289641057705902,22.564703,130.89069,8.73151,28.502051964898758,1482.566156431686,35.7470703125,25.9580078125,9.0947265625,1111.3486328125,1199.7021484375,1720.1884765625,1516.2578125,2.7707443409841277,17.923462243751864,20.611245807967794,41.069308705069595,39.3818359375,237.681640625,273.7744140625,609.9521484375,25.2958984375,152.4072265625,168.462890625,389.87890625,2020-11-10,412.1
1237,1238,33.35,57.65,7.55,7.45,94425.0,-1332480.0,3577,49.39693288623624,46.693977702264675,2.55372868942979,11,2020,330,0.793577803248942,0.7858748492644535,12.77271526854168,0.0069497445537312075,208,9.109586753643498,-2.1249289848818407,3.619812657077299,-1.289641057705902,22.564703,130.89069,8.73151,28.502051964898758,1482.566156431686,31.2890625,53.73828125,0.0009765625,1102.654296875,1150.78515625,1673.078125,1586.865234375,2.3693267400002167,18.19060156894632,19.139237524369175,45.75799507396613,38.072265625,235.7822265625,272.6533203125,625.43359375,26.265625,157.755859375,179.2744140625,396.6201171875,2020-11-25,412.1
1238,1239,55.4285714285714,40.2857142857143,2.71428571428571,14.7142857142857,94437.8571428571,-1332443.57142857,3577,52.410792474586174,42.113458189189224,4.01995549667805,12,2020,338,0.8414709848078965,0.7992386648112959,12.820445380864983,0.005157543077412896,216,9.109586753643498,-2.1249289848818407,3.619812657077299,-1.289641057705902,22.564703,130.89069,8.73151,28.502051964898758,1482.566156431686,41.4580078125,59.365234375,0.005859375,1096.595703125,1135.1240234375,1648.4580078125,1548.5205078125,1.6066810032272159,13.54081126323557,19.918274798349945,45.83115721229972,35.8193359375,227.58984375,272.9345703125,628.1005859375,24.3369140625,153.3984375,185.0615234375,408.490234375,2020-12-03,412.1
1239,1240,64.8,29.15,4.05,15.7,94425.0,-1332480.0,3577,55.439039915591835,37.06498600795749,5.952019009179599,12,2020,362,0.8414709848078965,0.8370017713584581,12.863877984641288,-0.0014388627441714874,240,9.109586753643498,-2.1249289848818407,3.619812657077299,-1.289641057705902,22.564703,130.89069,8.73151,28.502051964898758,1482.566156431686,282.70703125,76.1943359375,11.677734375,1070.2060546875,1029.083984375,1697.8935546875,1502.84375,1.3093847593000225,5.37337596271505,8.398635071792578,29.88982721129641,34.189453125,192.8232421875,233.04296875,582.7373046875,26.1767578125,146.751953125,174.7294921875,402.509765625,2020-12-27,412.1
1240,1241,56.6,35.8,6.2,11.8,94425.0,-1332480.0,3577,57.43797848385263,32.91872212796632,8.143747582726899,12,2020,363,0.8414709848078965,0.8384978067456823,12.862154838449003,-0.0017231461922850855,241,9.109586753643498,-2.1249289848818407,3.619812657077299,-1.289641057705902,22.564703,130.89069,8.73151,28.502051964898758,1482.566156431686,277.6416015625,81.79296875,11.6796875,1058.080078125,1030.5478515625,1701.9521484375,1505.40234375,1.4901697968261787,5.897004427106616,7.455823516395938,29.72089115750007,35.05859375,196.2939453125,228.123046875,581.07421875,24.6669921875,147.841796875,175.1796875,403.2900390625,2020-12-28,412.1
1241,1242,65.7,27.45,5.05,16.6,94425.0,-1332480.0,3577,64.00317682058187,28.40083545598318,5.966012949275095,1,2021,12,0.08323691620031025,0.03287079002849224,12.807748753169902,-0.005515409783543035,256,9.109586753643498,-2.1249289848818407,3.619812657077299,-1.289641057705902,22.564703,130.89069,8.73151,28.502051964898758,1482.566156431686,377.6162109375,155.04296875,25.9580078125,812.2724609375,1127.5263671875,1622.7724609375,1659.8798828125,1.6651018482958215,8.059310067982189,6.948402898896396,17.847738604356852,36.0283203125,209.3583984375,232.66796875,529.203125,24.7138671875,149.5537109375,176.177734375,397.7822265625,2021-01-12,414.26
1242,1243,59.0,23.0,17.0,23.0,94485.0,-1332435.0,3577,68.12425196700315,24.723579643330282,5.48634712343522,2,2021,53,0.16589613269341502,0.14469574979007366,12.432760370179798,-0.011322394129757996,297,9.109586753643498,-2.1249289848818407,3.619812657077299,-1.289641057705902,22.564703,130.89069,8.73151,28.502051964898758,1482.566156431686,425.65234375,643.4560546875,84.78125,416.8154296875,1173.94921875,1133.31640625,1878.4384765625,0.804178662952536,5.788045153777996,7.454283713522633,14.404884706509073,32.5341796875,196.75390625,231.6787109375,511.728515625,25.7978515625,151.927734375,177.1865234375,395.802734375,2021-02-22,414.26
1243,1244,69.3,27.55,1.65,17.65,94425.0,-1332480.0,3577,68.95088183484913,23.50385161713683,5.926555687025044,3,2021,68,0.24740395925452294,0.18522554101827018,12.2583121729562,-0.011804517479644616,312,9.109586753643498,-2.1249289848818407,3.619812657077299,-1.289641057705902,22.564703,130.89069,8.73151,28.502051964898758,1482.566156431686,303.609375,802.0087890625,170.0634765625,214.0927734375,1275.2548828125,1102.6044921875,1933.7021484375,1.2689679921429595,8.345071419209017,8.513963190745283,15.815916435512559,34.75390625,209.5234375,235.73828125,524.333984375,22.974609375,152.2998046875,172.373046875,405.328125,2021-03-09,414.26
1244,1245,71.1052631578947,23.8421052631579,3.21052631578947,15.0526315789474,94421.8421052632,-1332477.63157895,3577,67.77876290191746,23.600096471114426,6.979329969457277,3,2021,76,0.24740395925452294,0.20671787133031128,12.163621985815503,-0.011841668462809096,320,9.109586753643498,-2.1249289848818407,3.619812657077299,-1.289641057705902,22.564703,130.89069,8.73151,28.502051964898758,1482.566156431686,253.947265625,849.44921875,198.630859375,179.310546875,1283.9697265625,1039.2666015625,1905.4521484375,1.2581782038660696,7.748676591049076,9.837015103181502,17.230327544770617,33.59375,203.353515625,244.7275390625,532.0634765625,24.7548828125,151.75,174.9443359375,400.0322265625,2021-03-17,414.26
1245,1246,75.9,19.85,2.0,18.4,94425.0,-1332480.0,3577,69.85621140784383,21.326529561423193,7.098474537918416,3,2021,85,0.24740395925452294,0.23077753448423538,12.057470688725196,-0.01173468361032981,329,9.109586753643498,-2.1249289848818407,3.619812657077299,-1.289641057705902,22.564703,130.89069,8.73151,28.502051964898758,1482.566156431686,346.52734375,787.2626953125,361.1181640625,181.4189453125,1208.8837890625,1074.7548828125,1875.5419921875,0.8700973453132772,6.295717738173574,9.243212408980742,20.5472727581882,33.50390625,199.7841796875,238.8173828125,547.693359375,23.474609375,150.4599609375,172.53515625,396.1044921875,2021-03-26,414.26
1246,1247,74.2,21.35,2.35,18.75,94425.0,-1332480.0,3577,70.7325951081086,20.45786547223522,7.013964688896316,4,2021,92,0.3271946967961522,0.24939435149663894,11.976019918164509,-0.011548837728637906,336,9.109586753643498,-2.1249289848818407,3.619812657077299,-1.289641057705902,22.564703,130.89069,8.73151,28.502051964898758,1482.566156431686,296.611328125,839.0283203125,409.0205078125,177.8466796875,1209.6943359375,1040.6142578125,1823.703125,1.7464721354204826,8.12480478333335,7.165815083486851,21.205786724336242,34.412109375,205.0234375,233.2880859375,549.552734375,23.611328125,148.19921875,173.9345703125,398.4892578125,2021-04-02,414.26
1247,1248,51.9411764705882,19.7058823529412,27.4117647058824,13.0588235294118,94433.8235294118,-1332486.17647059,3577,69.51845024684519,21.557631291727418,7.108834987917412,4,2021,93,0.3271946967961522,0.2520465683868774,11.964505035659762,-0.011514882504746637,337,9.109586753643498,-2.1249289848818407,3.619812657077299,-1.289641057705902,22.564703,130.89069,8.73151,28.502051964898758,1482.566156431686,310.7958984375,799.548828125,448.6181640625,177.451171875,1209.7998046875,1040.8359375,1823.771484375,1.6008890057226626,8.432349126857364,7.450954955560487,20.917088721647897,33.76171875,203.9619140625,235.09765625,548.2724609375,24.78125,146.5458984375,175.724609375,395.5390625,2021-04-03,414.26
1248,1249,75.7,22.6,0.15,19.6,94425.0,-1332480.0,3577,69.07871231988517,22.43877643569437,6.709987532491308,4,2021,100,0.3271946967961522,0.27055800080379266,11.885013838265222,-0.011222760737432225,344,9.109586753643498,-2.1249289848818407,3.619812657077299,-1.289641057705902,22.564703,130.89069,8.73151,28.502051964898758,1482.566156431686,307.0791015625,723.5830078125,529.2646484375,70.51171875,1229.365234375,1122.0869140625,1835.8447265625,1.4918958839839758,10.399798053695118,10.033238132580026,18.78855345901706,34.662109375,208.1025390625,237.7236328125,539.7431640625,24.470703125,146.9755859375,171.3271484375,397.2890625,2021-04-10,414.26
1249,1250,71.4,24.25,2.25,15.8,94425.0,-1332480.0,3577,67.56208113694188,24.175695609106015,6.653200318357152,4,2021,101,0.3271946967961522,0.27319452640568975,11.873840917498978,-0.011172920766243877,345,9.109586753643498,-2.1249289848818407,3.619812657077299,-1.289641057705902,22.564703,130.89069,8.73151,28.502051964898758,1482.566156431686,305.6201171875,724.85546875,531.5283203125,70.51171875,1229.2666015625,1120.7548828125,1800.7978515625,1.816665789064071,10.125478317275391,10.517778323659122,19.12963071368867,35.3916015625,208.732421875,237.1318359375,542.203125,24.5712890625,147.96484375,169.43359375,397.109375,2021-04-11,414.26
1250,1251,69.05,25.75,3.35,17.65,94425.0,-1332480.0,3577,67.72677581996462,26.572305105453957,4.089221197126352,4,2021,108,0.3271946967961522,0.29159168187021955,11.797209458126886,-0.010762315799413003,352,9.109586753643498,-2.1249289848818407,3.619812657077299,-1.289641057705902,22.564703,130.89069,8.73151,28.502051964898758,1482.566156431686,227.21484375,732.546875,578.3310546875,59.3623046875,1264.7177734375,1113.5537109375,1731.818359375,2.0086031876987835,12.641881775032417,11.942144106339462,20.404196628367046,35.9521484375,215.69140625,244.1240234375,540.517578125,24.5107421875,144.435546875,172.5361328125,394.0078125,2021-04-18,414.26
1251,1252,65.0,31.8666666666667,1.66666666666667,16.6,94425.0,-1332465.0,3577,67.90998063079019,28.15659201399419,2.302540022607447,4,2021,109,0.3271946967961522,0.294211249673108,11.786515123495283,-0.010694334631603297,353,9.109586753643498,-2.1249289848818407,3.619812657077299,-1.289641057705902,22.564703,130.89069,8.73151,28.502051964898758,1482.566156431686,209.3193359375,712.4775390625,616.2958984375,59.3623046875,1264.7177734375,1096.7197265625,1748.65234375,2.617046786085414,12.936690535049559,12.187350953278532,20.718996289286785,34.6416015625,215.5615234375,246.8037109375,540.255859375,21.5009765625,144.4951171875,171.7666015625,395.75390625,2021-04-19,414.26
1252,1253,67.4,27.8,3.2,17.9,94425.0,-1332480.0,3577,68.19593333272883,29.585130085717548,0.5817412600147096,5,2021,124,0.40471456356112473,0.33322879067865074,11.636052589034644,-0.009350957022032702,368,9.109586753643498,-2.1249289848818407,3.619812657077299,-1.289641057705902,22.564703,130.89069,8.73151,28.502051964898758,1482.566156431686,44.79296875,693.259765625,826.705078125,68.46484375,1192.4794921875,1137.6787109375,1771.455078125,2.1340425478576703,10.076247075651457,15.222981326287053,31.50011512176112,34.8388671875,204.4365234375,249.4736328125,565.9111328125,22.166015625,140.67578125,160.9384765625,384.6142578125,2021-05-04,414.26
1253,1254,66.7,31.25,0.75,18.15,94425.0,-1332480.0,3577,66.37068281683938,30.729417389502046,1.2627740286179439,5,2021,125,0.40471456356112473,0.3358106765401478,11.626814990243638,-0.009237598791006718,369,9.109586753643498,-2.1249289848818407,3.619812657077299,-1.289641057705902,22.564703,130.89069,8.73151,28.502051964898758,1482.566156431686,44.79296875,693.259765625,826.705078125,68.46484375,1192.134765625,1138.0234375,1771.455078125,2.371012870067216,11.169319810555464,13.887109146257107,32.40836953400216,35.05859375,206.3330078125,246.1142578125,568.810546875,23.3359375,138.78125,161.7275390625,382.6650390625,2021-05-05,414.26
1254,1255,64.45,30.7,3.0,17.2,94425.0,-1332480.0,3577,63.157018414102424,32.00496332417181,3.3423102606124377,5,2021,133,0.40471456356112473,0.3563733969778998,11.557391083241617,-0.008211233824155784,377,9.109586753643498,-2.1249289848818407,3.619812657077299,-1.289641057705902,22.564703,130.89069,8.73151,28.502051964898758,1482.566156431686,36.025390625,576.65625,928.814453125,91.7265625,1192.1318359375,1138.0263671875,1771.4521484375,2.3688172718898293,13.187971396818131,14.342317337265758,33.411782678472385,34.69921875,207.84375,241.619140625,566.1005859375,22.595703125,128.85546875,159.2919921875,372.486328125,2021-05-13,414.26
1255,1256,63.1,32.55,2.75,16.7,94425.0,-1332480.0,3577,63.437990647114304,33.57466171598798,1.437835848361947,5,2021,140,0.40471456356112473,0.37422568247722243,11.504131694781298,-0.007131885520392345,384,9.109586753643498,-2.1249289848818407,3.619812657077299,-1.289641057705902,22.564703,130.89069,8.73151,28.502051964898758,1482.566156431686,35.775390625,494.896484375,1008.9921875,85.787109375,1186.8740234375,1151.0556640625,1771.4521484375,2.0425645095835923,12.96599684841549,15.556788668707961,31.949261407453278,34.548828125,199.9140625,242.54296875,558.3369140625,21.345703125,118.2265625,151.451171875,368.8623046875,2021-05-20,414.26
1256,1257,60.6666666666667,36.6666666666667,1.33333333333333,17.6666666666667,94455.0,-1332435.0,3577,61.41445824556363,35.732093860726295,1.27232153811082,5,2021,148,0.40471456356112473,0.39445938059939806,11.453419404329924,-0.005690896460825101,392,9.109586753643498,-2.1249289848818407,3.619812657077299,-1.289641057705902,22.564703,130.89069,8.73151,28.502051964898758,1482.566156431686,17.8349609375,360.2470703125,1152.484375,93.5625,1188.1962890625,1151.0556640625,1771.4521484375,1.8461160792945954,12.393983496109058,14.805663676608916,33.58832225277115,32.2587890625,204.6748046875,234.9228515625,553.0830078125,20.24609375,136.896484375,143.7626953125,355.150390625,2021-05-28,414.26
1257,1258,57.75,37.95,2.6,16.0,94425.0,-1332480.0,3577,58.316748112559836,37.28237098298461,2.7941972372308754,5,2021,149,0.40471456356112473,0.3969754679250871,11.44792347418077,-0.005495930149153949,393,9.109586753643498,-2.1249289848818407,3.619812657077299,-1.289641057705902,22.564703,130.89069,8.73151,28.502051964898758,1482.566156431686,4.73828125,363.068359375,1162.052734375,94.26953125,1188.1962890625,1151.0556640625,1771.4521484375,2.1677413849872726,11.97575003618049,14.761646741963583,34.553695795692846,32.3388671875,202.1748046875,235.5625,552.900390625,22.31640625,133.396484375,148.6123046875,349.4755859375,2021-05-29,414.26
1258,1259,55.4,38.5,4.35,15.75,94425.0,-1332480.0,3577,54.77195281497869,39.17884128255061,4.501081271668835,6,2021,156,0.479425538604203,0.4145035918404523,11.415162980532246,-0.004048354145213651,400,9.109586753643498,-2.1249289848818407,3.619812657077299,-1.289641057705902,22.564703,130.89069,8.73151,28.502051964898758,1482.566156431686,0.544921875,350.94921875,1120.60546875,152.57421875,1188.1962890625,1151.0556640625,1771.4521484375,1.6675313233453508,11.413197223377347,14.143491421167763,34.97302520039068,33.2685546875,202.953125,234.513671875,546.84375,21.09765625,135.6220703125,155.712890625,338.7958984375,2021-06-05,414.26
1259,1260,54.55,42.4,1.8,16.95,94425.0,-1332480.0,3577,51.20840269121237,40.444767874018794,6.837280727527384,6,2021,164,0.479425538604203,0.43434868754085926,11.39079146541187,-0.0022485787336279373,408,9.109586753643498,-2.1249289848818407,3.619812657077299,-1.289641057705902,22.564703,130.89069,8.73151,28.502051964898758,1482.566156431686,0.544921875,335.4775390625,1105.8935546875,182.7578125,1188.1962890625,1151.0556640625,1771.4521484375,1.7227616425330725,11.923588889617717,13.146061614738327,33.20574653859994,33.638671875,193.1142578125,233.951171875,537.1845703125,19.177734375,118.8779296875,156.501953125,345.0078125,2021-06-13,414.26
1260,1261,45.05,39.8,13.55,18.0,94425.0,-1332480.0,3577,47.681024238911846,41.15505098615939,9.717758402586671,6,2021,172,0.479425538604203,0.4539851346904416,11.381275808372536,-0.0003581230142017944,416,9.109586753643498,-2.1249289848818407,3.619812657077299,-1.289641057705902,22.564703,130.89069,8.73151,28.502051964898758,1482.566156431686,0.544921875,203.4970703125,1081.4951171875,339.13671875,1188.1953125,1151.056640625,1771.4521484375,2.289460856505771,11.102394894878486,13.700469082210649,31.100167300487122,31.5087890625,203.8740234375,229.4423828125,533.2333984375,18.498046875,130.3486328125,141.3564453125,352.138671875,2021-06-21,414.26
1261,1262,43.3,41.75,13.65,16.7,94425.0,-1332480.0,3577,44.03103722901825,41.60945896208432,12.88620868295598,6,2021,181,0.479425538604203,0.475814996640089,11.388760910585367,0.0017765674515874963,425,9.109586753643498,-2.1249289848818407,3.619812657077299,-1.289641057705902,22.564703,130.89069,8.73151,28.502051964898758,1482.566156431686,0.544921875,68.7607421875,1155.234375,400.1328125,1188.1962890625,1151.056640625,1771.4521484375,1.9050440302693477,10.386007111520168,14.25662402420658,30.093469169002176,33.208984375,195.6142578125,233.8828125,530.0615234375,19.6376953125,134.2685546875,143.1669921875,338.15625,2021-06-30,414.26
1262,1263,42.55,39.95,15.85,15.35,94425.0,-1332480.0,3577,42.90129493828542,42.10687357017997,13.591006722893233,7,2021,188,0.5508090958869698,0.49259445697131315,11.40762503591399,0.003371018419946026,432,9.109586753643498,-2.1249289848818407,3.619812657077299,-1.289641057705902,22.564703,130.89069,8.73151,28.502051964898758,1482.566156431686,0.0,43.162109375,1064.56640625,516.9443359375,1188.1943359375,1151.05859375,1771.4521484375,2.254919043102615,13.112107973647158,12.291051141789517,31.235068917954347,33.19140625,195.5146484375,228.8232421875,531.123046875,19.568359375,123.3974609375,153.90625,328.5693359375,2021-07-07,414.26
1263,1264,42.1428571428571,46.0,10.7142857142857,16.5714285714286,94412.1428571429,-1332516.42857143,3577,41.67673425644938,43.202832925581895,13.749473746066116,7,2021,189,0.5508090958869698,0.49497687645016214,11.41121583941613,0.0035908035021403606,433,9.109586753643498,-2.1249289848818407,3.619812657077299,-1.289641057705902,22.564703,130.89069,8.73151,28.502051964898758,1482.566156431686,0.0,43.162109375,1060.5341796875,520.9765625,1188.1943359375,1151.05859375,1771.4521484375,2.3011858410757293,13.177476690416846,12.8125523064774,31.15073133064472,34.0107421875,194.1669921875,229.6435546875,531.783203125,20.4384765625,122.408203125,151.0654296875,331.599609375,2021-07-08,414.26
1264,1265,39.8,43.25,15.4,11.5,94425.0,-1332480.0,3577,41.330109518957826,43.790672021470435,13.461268762195543,7,2021,197,0.5508090958869698,0.5139009836804498,11.447547086747521,0.0052547757036478515,441,9.109586753643498,-2.1249289848818407,3.619812657077299,-1.289641057705902,22.564703,130.89069,8.73151,28.502051964898758,1482.566156431686,0.0,36.3203125,960.1728515625,628.1796875,1188.1943359375,1151.05859375,1771.4521484375,2.0166603551687055,15.004361874923042,15.59795198382585,30.94167046823758,34.9814453125,209.8076171875,229.0576171875,531.486328125,22.658203125,124.8095703125,140.13671875,340.279296875,2021-07-16,414.26
1265,1266,42.9,42.45,13.25,15.05,94425.0,-1332480.0,3577,41.04014870577724,44.20932040095467,13.26709049464269,7,2021,204,0.5508090958869698,0.530257380384088,11.489603903000686,0.0065499819705934215,448,9.109586753643498,-2.1249289848818407,3.619812657077299,-1.289641057705902,22.564703,130.89069,8.73151,28.502051964898758,1482.566156431686,0.0,34.4765625,812.0537109375,778.142578125,1188.1943359375,1151.05859375,1771.4521484375,2.8095190792515723,14.474583179845887,17.02102223009175,32.282998427856846,34.80078125,207.2666015625,244.7890625,526.6611328125,15.2080078125,121.318359375,147.4677734375,337.2490234375,2021-07-23,414.26
1266,1267,42.75,47.6,8.25,12.25,94425.0,-1332480.0,3577,41.51421589653004,45.012460474177715,12.073355941758896,7,2021,205,0.5508090958869698,0.5325782277370062,11.496325449999782,0.006721546999095551,449,9.109586753643498,-2.1249289848818407,3.619812657077299,-1.289641057705902,22.564703,130.89069,8.73151,28.502051964898758,1482.566156431686,0.0,34.4765625,787.4453125,802.7509765625,1188.1943359375,1151.05859375,1771.4521484375,1.9476635338432606,15.088492509783666,17.269939708606586,32.561641537010765,34.53125,206.146484375,245.8486328125,527.8037109375,15.9580078125,114.6884765625,148.52734375,334.62890625,2021-07-24,414.26
1267,1268,44.25,44.45,9.95,15.3,94425.0,-1332480.0,3577,41.09543886941839,45.60974115504149,11.893325608722234,7,2021,212,0.5508090958869698,0.5487112551538731,11.547887877596327,0.007824995093328013,456,9.109586753643498,-2.1249289848818407,3.619812657077299,-1.289641057705902,22.564703,130.89069,8.73151,28.502051964898758,1482.566156431686,0.0,0.544921875,755.9423828125,868.185546875,1188.1943359375,1150.42578125,1772.0849609375,2.4091826662167692,12.90664740902756,17.036156043626928,37.01902893913995,37.03125,214.154296875,240.677734375,544.0087890625,19.73828125,120.3671875,130.646484375,332.0908203125,2021-07-31,414.26
1268,1269,34.6,45.55,18.25,9.0,94425.0,-1332480.0,3577,42.280796445907825,45.424867941686074,10.972740367160785,8,2021,213,0.618369803069737,0.550999636611817,11.555856551121435,0.007968673525107661,457,9.109586753643498,-2.1249289848818407,3.619812657077299,-1.289641057705902,22.564703,130.89069,8.73151,28.502051964898758,1482.566156431686,0.0,0.544921875,742.0205078125,882.107421875,1188.1943359375,1150.42578125,1772.0849609375,2.174486488738138,13.520734932711004,16.749520521831823,36.89631462755982,36.6708984375,215.875,240.3076171875,545.4482421875,19.9482421875,121.357421875,128.06640625,330.7705078125,2021-08-01,414.26
1269,1270,44.9,44.05,9.85,14.5,94425.0,-1332480.0,3577,43.098289462171955,45.59492526596664,10.039725111866499,8,2021,220,0.618369803069737,0.5669015449020084,11.615372406539022,0.008878841235102186,464,9.109586753643498,-2.1249289848818407,3.619812657077299,-1.289641057705902,22.564703,130.89069,8.73151,28.502051964898758,1482.566156431686,0.0,0.544921875,628.0654296875,996.0625,1188.1943359375,1149.859375,1772.6513671875,2.1778208054148207,14.269142765736756,15.695221421449142,38.047883165565786,32.3291015625,207.3447265625,252.5458984375,556.6982421875,17.1171875,125.1123046875,141.3056640625,318.7001953125,2021-08-08,414.26
1270,1271,43.3,47.35,8.2,14.65,94425.0,-1332480.0,3577,44.0318861023959,45.67615276053051,9.04150096500014,8,2021,221,0.618369803069737,0.5691563611926911,11.624367971779634,0.00899556524061218,465,9.109586753643498,-2.1249289848818407,3.619812657077299,-1.289641057705902,22.564703,130.89069,8.73151,28.502051964898758,1482.566156431686,0.0,0.544921875,624.84765625,999.2802734375,1188.1943359375,1149.859375,1772.6513671875,2.6061945737009644,14.385370257152129,15.984097132029392,37.873908498186026,32.5693359375,203.5244140625,253.384765625,557.1474609375,18.7666015625,121.142578125,142.0048828125,318.3095703125,2021-08-09,414.26
1271,1272,47.9090909090909,46.8181818181818,4.27272727272727,15.0,94430.4545454545,-1332454.09090909,3577,44.568821503197185,45.39849287838002,8.73829848362655,8,2021,228,0.618369803069737,0.5848195115392493,11.690340688683813,0.009725102150222042,472,9.109586753643498,-2.1249289848818407,3.619812657077299,-1.289641057705902,22.564703,130.89069,8.73151,28.502051964898758,1482.566156431686,0.0,0.544921875,574.09765625,1050.0302734375,1188.1943359375,1149.859375,1772.6513671875,2.5437816914543365,14.810581395561453,16.991564830853093,36.588065921608845,35.689453125,212.3037109375,236.09375,564.68359375,23.2666015625,130.181640625,139.9091796875,311.787109375,2021-08-16,414.26
1272,1273,44.65,44.65,9.1,13.6,94425.0,-1332480.0,3577,44.27258730277606,46.1767082584788,8.266540916087136,8,2021,229,0.618369803069737,0.5870396795141201,11.70015806982002,0.009817381136207004,473,9.109586753643498,-2.1249289848818407,3.619812657077299,-1.289641057705902,22.564703,130.89069,8.73151,28.502051964898758,1482.566156431686,0.0,0.544921875,535.076171875,1089.0517578125,1188.1943359375,1149.859375,1772.6513671875,2.756973934877739,15.113395896383645,17.01072317055813,36.72814410820753,36.119140625,214.07421875,234.0732421875,564.9423828125,22.626953125,134.451171875,138.3291015625,311.0361328125,2021-08-17,414.26
1273,1274,46.1052631578947,43.6315789473684,9.05263157894737,11.9473684210526,94421.8421052632,-1332482.36842105,3577,44.574000479197714,46.75430776874964,7.372199391701452,8,2021,237,0.618369803069737,0.6046410009470569,11.781689654639067,0.010457841591774653,481,9.109586753643498,-2.1249289848818407,3.619812657077299,-1.289641057705902,22.564703,130.89069,8.73151,28.502051964898758,1482.566156431686,0.0,0.544921875,446.80078125,1177.3271484375,1188.1943359375,1149.859375,1772.6513671875,2.155645199137722,15.967665472188445,17.912215039018378,37.67190189478047,36.298828125,217.82421875,249.423828125,558.7861328125,23.77734375,121.47265625,155.9482421875,323.0078125,2021-08-25,414.26
1274,1275,39.6,49.15,9.65,9.7,94425.0,-1332480.0,3577,44.35909796351976,45.91026888586158,8.32604701651639,9,2021,245,0.6816387600233341,0.6219518703256062,11.86762829552294,0.010942700205164968,489,9.109586753643498,-2.1249289848818407,3.619812657077299,-1.289641057705902,22.564703,130.89069,8.73151,28.502051964898758,1482.566156431686,0.0498046875,0.0,351.494140625,1273.173828125,1187.544921875,1150.482421875,1772.6826171875,2.5144850492129613,19.09619656069456,18.787365735808002,39.872968393811796,37.970703125,225.0947265625,254.0625,554.4150390625,22.9462890625,114.0625,150.3701171875,334.6513671875,2021-09-02,414.26
1275,1276,44.9,43.75,9.8,12.3,94425.0,-1332480.0,3577,42.79544748065373,45.67771494161556,10.032245487930807,9,2021,252,0.6816387600233341,0.6368540788786715,11.9455400692411,0.011257318784181791,496,9.109586753643498,-2.1249289848818407,3.619812657077299,-1.289641057705902,22.564703,130.89069,8.73151,28.502051964898758,1482.566156431686,0.0546875,0.0,341.8330078125,1282.8349609375,1187.544921875,1150.482421875,1772.6826171875,2.895662402913181,16.383185541084405,21.61068160990752,41.649610959061675,35.6611328125,217.4375,263.0654296875,574.404296875,22.435546875,141.8369140625,137.0087890625,346.6923828125,2021-09-09,414.26
1276,1277,42.6,48.35,7.95,12.8,94425.0,-1332480.0,3577,44.73136309130426,43.51392253211711,10.220258032118979,9,2021,253,0.6816387600233341,0.6389639720086414,11.956834748616279,0.011294679375179584,497,9.109586753643498,-2.1249289848818407,3.619812657077299,-1.289641057705902,22.564703,130.89069,8.73151,28.502051964898758,1482.566156431686,0.0546875,0.0,341.8330078125,1282.8349609375,1187.54296875,1150.484375,1772.6826171875,2.679444829332892,16.920137220319024,20.644067987046338,42.51966256433558,35.390625,216.0771484375,263.59765625,575.5048828125,22.765625,139.7060546875,140.177734375,345.9931640625,2021-09-10,414.26
1277,1278,45.75,42.45,10.2,11.9,94425.0,-1332480.0,3577,46.15122764729375,42.392048143402405,9.903075027735435,9,2021,261,0.6816387600233341,0.6556691338743984,12.048323860143563,0.011529931105860314,505,9.109586753643498,-2.1249289848818407,3.619812657077299,-1.289641057705902,22.564703,130.89069,8.73151,28.502051964898758,1482.566156431686,0.0703125,0.0,237.783203125,1386.8369140625,1187.5908203125,1150.484375,1772.6826171875,2.989797414074437,16.230389267977426,19.58445421430571,45.38026338671635,37.8310546875,228.205078125,250.107421875,591.630859375,20.4462890625,145.5576171875,159.9013671875,336.841796875,2021-09-18,414.26
1278,1279,51.5,37.6,9.1,10.95,94425.0,-1332480.0,3577,48.01596178249363,41.88520396554641,8.539516357846512,10,2021,277,0.7401768531960371,0.688126690746912,12.234582997599388,0.011668873318290807,521,9.109586753643498,-2.1249289848818407,3.619812657077299,-1.289641057705902,22.564703,130.89069,8.73151,28.502051964898758,1482.566156431686,4.4375,0.0517578125,43.162109375,1569.830078125,1199.21875,1150.4765625,1770.7763671875,2.346280279377284,15.463182598730054,20.372918756500322,44.337455128427294,37.9638671875,227.4619140625,255.1162109375,589.9453125,25.9677734375,148.810546875,153.1220703125,367.4873046875,2021-10-04,414.26
1279,1280,44.15,43.35,10.85,11.9,94425.0,-1332480.0,3577,46.774334741347474,43.162046297439886,8.544249504228672,10,2021,284,0.7401768531960371,0.7019147308834798,12.315957185325907,0.011577001529458286,528,9.109586753643498,-2.1249289848818407,3.619812657077299,-1.289641057705902,22.564703,130.89069,8.73151,28.502051964898758,1482.566156431686,7.615234375,0.0546875,36.5634765625,1562.1513671875,1213.49609375,1150.4765625,1770.5693359375,2.5863457056501167,17.096261912380427,17.80946287810734,45.12591967062191,38.404296875,235.6240234375,265.42578125,594.9541015625,24.6181640625,151.3779296875,174.7783203125,360.7080078125,2021-10-11,414.26
1280,1281,49.45,44.75,4.55,13.9,94425.0,-1332480.0,3577,47.421212374423476,45.43926459540903,5.68434933433219,10,2021,292,0.7401768531960371,0.7173560908995228,12.407575750235404,0.011331353035295422,536,9.109586753643498,-2.1249289848818407,3.619812657077299,-1.289641057705902,22.564703,130.89069,8.73151,28.502051964898758,1482.566156431686,20.28515625,0.0703125,36.3203125,1538.0927734375,1237.7978515625,1144.044921875,1754.732421875,3.086035264067137,15.76926834329948,19.817765293673652,43.725669460508364,40.3740234375,232.2236328125,273.8681640625,596.6875,26.677734375,154.3486328125,174.0859375,375.6142578125,2021-10-19,414.26
1281,1282,49.4,43.35,5.7,13.05,94425.0,-1332480.0,3577,45.5382793161363,47.800595019008945,5.2160352031861255,10,2021,293,0.7401768531960371,0.7192621817455338,12.418864296033636,0.011288545798231908,537,9.109586753643498,-2.1249289848818407,3.619812657077299,-1.289641057705902,22.564703,130.89069,8.73151,28.502051964898758,1482.566156431686,20.28515625,0.0703125,36.3203125,1538.0927734375,1237.7978515625,1143.759765625,1755.017578125,3.384061045283741,16.28347539883275,19.57508221982775,43.63101167179633,41.1640625,234.7041015625,272.9873046875,598.470703125,26.1484375,155.158203125,172.646484375,382.076171875,2021-10-20,414.26
1282,1283,37.6666666666667,56.7777777777778,4.33333333333333,9.88888888888889,94388.3333333333,-1332491.66666667,3577,43.0441692466396,48.83602926140897,6.788554995055527,10,2021,300,0.7401768531960371,0.7324528537909863,12.496428411156513,0.010902027651303214,544,9.109586753643498,-2.1249289848818407,3.619812657077299,-1.289641057705902,22.564703,130.89069,8.73151,28.502051964898758,1482.566156431686,24.0224609375,0.0703125,0.5849609375,1569.0009765625,1234.4033203125,1150.744140625,1752.5732421875,2.805145679836379,16.036286997464376,19.66753644411649,42.83317513512377,38.8642578125,231.994140625,275.8681640625,616.341796875,25.6083984375,157.2490234375,181.306640625,401.6005859375,2021-10-27,414.26
1283,1284,42.6111111111111,50.2777777777778,5.83333333333333,13.0,94420.0,-1332475.0,3577,43.51208813545625,49.75083942544501,5.420227038182883,10,2021,301,0.7401768531960371,0.73431535665374,12.507261796748796,0.010833385592283307,545,9.109586753643498,-2.1249289848818407,3.619812657077299,-1.289641057705902,22.564703,130.89069,8.73151,28.502051964898758,1482.566156431686,24.0224609375,0.0703125,0.544921875,1566.51953125,1228.0537109375,1159.5966796875,1752.591796875,2.6906848988714627,15.95857742460241,20.144547601632908,42.72304853507701,38.7744140625,230.9140625,277.578125,616.5654296875,26.3876953125,156.4091796875,183.197265625,402.822265625,2021-10-28,414.26
1284,1285,43.85,46.95,7.9,18.35,94425.0,-1332480.0,3577,44.53116651150041,46.732379643053775,7.347590335360135,11,2021,308,0.793577803248942,0.7471977675094822,12.58085836645246,0.010246598724865663,552,9.109586753643498,-2.1249289848818407,3.619812657077299,-1.289641057705902,22.564703,130.89069,8.73151,28.502051964898758,1482.566156431686,24.2978515625,5.220703125,0.544921875,1564.7578125,1205.4697265625,1178.822265625,1728.2646484375,3.148963892817469,16.875007969732398,18.649262323473874,44.93998519902235,39.76171875,234.3291015625,269.6884765625,627.57421875,26.8662109375,155.884765625,182.796875,407.708984375,2021-11-04,414.26
1285,1286,54.55,37.05,6.6,13.9,94425.0,-1332480.0,3577,47.23251536904081,41.14125092313332,10.149219871973772,11,2021,325,0.793577803248942,0.7773303443774742,12.735993904533132,0.007910690397110898,569,9.109586753643498,-2.1249289848818407,3.619812657077299,-1.289641057705902,22.564703,130.89069,8.73151,28.502051964898758,1482.566156431686,94.208984375,20.6689453125,0.544921875,1539.6640625,1201.7587890625,1149.4794921875,1676.3662109375,2.502233524154625,18.215919849064626,12.714716388217788,43.9148498436873,38.3115234375,229.0625,254.6025390625,621.6201171875,27.5556640625,144.56640625,181.3720703125,417.3876953125,2021-11-21,414.26
1286,1287,40.3333333333333,34.8333333333333,23.5,13.8333333333333,94375.0,-1332470.0,3577,50.403759003287064,35.174502346633304,12.864398810681717,11,2021,328,0.793577803248942,0.7824746544232967,12.758613466675007,0.007349337464304995,572,9.109586753643498,-2.1249289848818407,3.619812657077299,-1.289641057705902,22.564703,130.89069,8.73151,28.502051964898758,1482.566156431686,98.85546875,24.0927734375,0.544921875,1539.3466796875,1193.2314453125,1145.1279296875,1673.193359375,2.7237624458522633,16.323584283196503,16.02223229534848,41.979175523609285,38.6923828125,232.01171875,255.2041015625,617.193359375,26.4658203125,151.615234375,176.8525390625,416.23046875,2021-11-24,414.26
1287,1288,61.35,32.4,4.6,16.25,94425.0,-1332480.0,3577,56.43809678452797,28.355594044753886,13.567890623306553,11,2021,332,0.793577803248942,0.7892514487478929,12.785987918938334,0.006530207256986387,576,9.109586753643498,-2.1249289848818407,3.619812657077299,-1.289641057705902,22.564703,130.89069,8.73151,28.502051964898758,1482.566156431686,124.0537109375,24.04296875,0.5947265625,1530.6552734375,1194.6484375,1147.451171875,1674.29296875,1.0724560115770485,14.130887209856775,20.718153373219252,37.501981487442926,32.482421875,227.4716796875,267.3740234375,605.134765625,23.15625,156.5654296875,172.1220703125,417.0029296875,2021-11-28,414.26
1288,1289,67.65,23.5,6.8,16.2,94425.0,-1332480.0,3577,61.94539578068064,23.122984308429757,13.176202486881632,12,2021,364,0.8414709848078965,0.8399875482895418,12.860148884034878,-0.0020059544141250996,608,9.109586753643498,-2.1249289848818407,3.619812657077299,-1.289641057705902,22.564703,130.89069,8.73151,28.502051964898758,1482.566156431686,392.8388671875,159.51171875,0.09375,1247.203125,1420.0302734375,1032.666015625,1711.1005859375,1.2231354752180512,4.333785814982358,11.258318186782848,31.57220066550787,34.109375,180.103515625,252.302734375,595.41796875,24.197265625,148.1416015625,176.7373046875,407.2197265625,2021-12-30,414.26
1289,1290,55.1,15.55,27.95,10.15,94425.0,-1332480.0,3577,65.70893556047373,21.19593349546593,11.236083627413215,1,2022,7,0.08323691620031025,0.019176906600680502,12.832864403915732,-0.00426485308202551,616,9.109586753643498,-2.1249289848818407,3.619812657077299,-1.289641057705902,22.564703,130.89069,8.73151,28.502051964898758,1482.566156431686,352.916015625,232.92578125,7.6572265625,1119.9345703125,1468.75,1041.46875,1659.7880859375,1.1805856067098652,8.525294449450831,5.0646478069052625,26.606988465798675,34.1279296875,210.73828125,213.943359375,579.6533203125,23.5537109375,158.5078125,170.0791015625,403.158203125,2022-01-07,416.49
1290,1291,74.9,20.4,2.65,18.25,94425.0,-1332480.0,3577,70.34470261419675,19.223704417354796,8.485667583189535,2,2022,47,0.16589613269341502,0.12841157084082863,12.4997959292394,-0.010938231872451354,656,9.109586753643498,-2.1249289848818407,3.619812657077299,-1.289641057705902,22.564703,130.89069,8.73151,28.502051964898758,1482.566156431686,227.0078125,552.498046875,114.8779296875,576.5400390625,1588.361328125,1125.8603515625,1105.375,1.7597050938803196,9.104376551001575,6.189700323763072,17.861527494482807,35.5439453125,212.89453125,225.5478515625,536.65625,24.16796875,152.6982421875,171.1259765625,405.77734375,2022-02-16,416.49
1291,1292,75.2,19.8,2.9,16.2,94425.0,-1332480.0,3577,73.80052037744434,18.580489943490264,5.628392041394299,2,2022,56,0.16589613269341502,0.15282345185103158,12.398493169807352,-0.011469264366546383,665,9.109586753643498,-2.1249289848818407,3.619812657077299,-1.289641057705902,22.564703,130.89069,8.73151,28.502051964898758,1482.566156431686,248.26171875,596.041015625,124.48828125,466.03125,1573.3076171875,1143.4560546875,1136.796875,0.9932222987071637,6.867601583278264,10.49621937168718,16.147360047468588,31.07421875,203.57421875,245.48828125,527.3486328125,24.5478515625,145.6064453125,176.24609375,398.8935546875,2022-02-25,416.49
1292,1293,76.4285714285714,19.5,2.0,19.7142857142857,94412.1428571429,-1332467.14285714,3577,75.82022781139295,18.861779500166776,3.311645629911389,3,2022,72,0.24740395925452294,0.19598347462695087,12.210995582427582,-0.011839633420645868,681,9.109586753643498,-2.1249289848818407,3.619812657077299,-1.289641057705902,22.564703,130.89069,8.73151,28.502051964898758,1482.566156431686,211.9912109375,558.7685546875,289.0712890625,341.8876953125,1469.8818359375,1281.640625,1103.2919921875,1.6143836505243685,8.917972417513424,8.575730081642753,20.397969303839865,36.25390625,212.9345703125,242.7783203125,543.384765625,24.89453125,157.119140625,177.970703125,395.2158203125,2022-03-13,416.49
1293,1294,72.3,23.1,2.6,17.9,94425.0,-1332480.0,3577,74.72266742544264,20.529678061873128,2.7727467578856624,3,2022,88,0.24740395925452294,0.23876696344897025,12.022400302085478,-0.01166603169840208,697,9.109586753643498,-2.1249289848818407,3.619812657077299,-1.289641057705902,22.564703,130.89069,8.73151,28.502051964898758,1482.566156431686,131.576171875,457.78515625,551.423828125,88.0185546875,1706.78125,1210.01953125,1043.498046875,1.6089575746472764,9.949881840887354,11.416980318920784,22.13545130970134,35.7744140625,213.373046875,250.3671875,562.6142578125,23.9853515625,147.4697265625,176.865234375,410.3837890625,2022-03-29,416.49
1294,1295,76.0,20.0,2.0,23.0,94395.0,-1332435.0,3577,74.8681284659501,22.86102210482673,0.3066942345579655,4,2022,95,0.3271946967961522,0.257345306618054,11.941584742975593,-0.011441261806007574,704,9.109586753643498,-2.1249289848818407,3.619812657077299,-1.289641057705902,22.564703,130.89069,8.73151,28.502051964898758,1482.566156431686,122.3037109375,451.0986328125,568.658203125,52.9951171875,1744.1611328125,1208.4404296875,1041.7724609375,1.7473977130635872,10.536152861065395,11.55883941553463,24.976701546979378,35.83203125,215.1279296875,249.1474609375,570.203125,25.2509765625,148.837890625,171.455078125,409.2783203125,2022-04-05,416.49
1295,1296,74.0,22.3333333333333,2.0,21.6666666666667,94405.0,-1332445.0,3577,72.92227567119748,24.3353098614998,0.780570106119931,4,2022,104,0.3271946967961522,0.28109172038566477,11.840642638629369,-0.011010496516668411,713,9.109586753643498,-2.1249289848818407,3.619812657077299,-1.289641057705902,22.564703,130.89069,8.73151,28.502051964898758,1482.566156431686,98.7041015625,423.734375,650.662109375,44.298828125,1598.1953125,1263.734375,1113.5625,1.5169211259029869,12.070968807610942,12.038673005612353,26.535367428917827,35.6318359375,219.951171875,250.1064453125,571.5625,25.1806640625,144.4365234375,175.400390625,397.7802734375,2022-04-14,416.49
1296,1297,67.7,27.7,2.7,17.8,94425.0,-1332480.0,3577,68.87956682391045,25.678121471159827,3.5711503422431745,4,2022,112,0.3271946967961522,0.3020566242501205,11.754864917879495,-0.010475396026107475,721,9.109586753643498,-2.1249289848818407,3.619812657077299,-1.289641057705902,22.564703,130.89069,8.73151,28.502051964898758,1482.566156431686,79.6240234375,407.9423828125,677.7705078125,60.2294921875,1597.447265625,1263.9990234375,1066.162109375,2.5031453440597207,11.023542083587161,13.23470826812023,27.577910149692013,36.751953125,213.841796875,254.9736328125,571.8095703125,25.87109375,145.2060546875,169.697265625,395.78125,2022-04-22,416.49
1297,1298,66.75,29.15,2.1,15.75,94425.0,-1332480.0,3577,67.58169401072091,28.058896228421112,2.484473348062678,4,2022,119,0.3271946967961522,0.3202822309233318,11.683877734314635,-0.009870727028982174,728,9.109586753643498,-2.1249289848818407,3.619812657077299,-1.289641057705902,22.564703,130.89069,8.73151,28.502051964898758,1482.566156431686,71.1298828125,412.87890625,704.0068359375,29.3759765625,1628.484375,1263.9990234375,1066.1591796875,1.6306175229768831,11.43603383285538,13.526687427646882,28.695917936592664,35.5517578125,217.3310546875,250.59375,576.8359375,24.28125,144.3955078125,171.0771484375,393.763671875,2022-04-29,416.49
1298,1299,66.3,29.5,2.15,18.0,94425.0,-1332480.0,3577,65.11276321038262,30.308885992065427,2.7071259846553177,4,2022,120,0.3271946967961522,0.32287642884589046,11.67410484382105,-0.00977289049358454,729,9.109586753643498,-2.1249289848818407,3.619812657077299,-1.289641057705902,22.564703,130.89069,8.73151,28.502051964898758,1482.566156431686,71.1298828125,399.3828125,717.4345703125,24.74609375,1633.1826171875,1263.7607421875,1066.3974609375,1.8909632053514907,10.789496170868798,14.22855754071335,28.5551410422241,36.51171875,215.6103515625,253.2841796875,575.5537109375,24.8310546875,146.1953125,169.3779296875,393.439453125,2022-04-30,416.49
1299,1300,62.05,32.45,3.85,17.05,94425.0,-1332480.0,3577,63.10354855344135,32.146640690248404,2.8876633876140723,5,2022,127,0.40471456356112473,0.340966867022661,11.608692849968236,-0.00900113547167436,736,9.109586753643498,-2.1249289848818407,3.619812657077299,-1.289641057705902,22.564703,130.89069,8.73151,28.502051964898758,1482.566156431686,55.251953125,343.83984375,774.578125,38.984375,1633.22265625,1192.1318359375,1138.0263671875,2.1358904507802414,12.786456827375261,12.680459376220288,30.74502557732509,34.728515625,215.966796875,252.1220703125,578.7314453125,24.65625,143.140625,171.0263671875,387.4169921875,2022-05-07,416.49
1300,1301,62.3,32.6,3.25,17.15,94425.0,-1332480.0,3577,61.68995352048039,33.864796300321636,2.642326778647062,5,2022,128,0.40471456356112473,0.34354113294082655,11.599814896505036,-0.008877953463199972,737,9.109586753643498,-2.1249289848818407,3.619812657077299,-1.289641057705902,22.564703,130.89069,8.73151,28.502051964898758,1482.566156431686,37.2353515625,346.154296875,785.685546875,43.5791015625,1633.22265625,1192.1318359375,1138.0263671875,2.620193951735247,12.992965467037395,12.160720919692569,31.4876711483764,34.369140625,214.763671875,250.8115234375,580.08203125,23.416015625,143.4658203125,172.5966796875,386.0166015625,2022-05-08,416.49
1301,1302,60.35,35.9,2.1,16.35,94425.0,-1332480.0,3577,60.759134323383016,34.87330700367495,2.655813129350293,5,2022,135,0.40471456356112473,0.36148771249771944,11.541403166164846,-0.007920369677286487,744,9.109586753643498,-2.1249289848818407,3.619812657077299,-1.289641057705902,22.564703,130.89069,8.73151,28.502051964898758,1482.566156431686,33.3525390625,300.4765625,766.123046875,115.4228515625,1626.5263671875,1198.828125,1138.0263671875,1.9094295690821868,12.512153664581717,15.613159418772643,30.413683799948743,34.9189453125,210.1240234375,249.1328125,575.919921875,21.7861328125,145.2763671875,166.8818359375,388.916015625,2022-05-15,416.49
1302,1303,58.9473684210526,36.8947368421053,2.47368421052632,17.5789473684211,94428.1578947368,-1332482.36842105,3577,59.157365105148344,36.241095795188485,2.9987685037786482,5,2022,136,0.40471456356112473,0.36404080980857667,11.533633476424582,-0.007769689740264596,745,9.109586753643498,-2.1249289848818407,3.619812657077299,-1.289641057705902,22.564703,130.89069,8.73151,28.502051964898758,1482.566156431686,28.228515625,296.0947265625,775.62890625,115.4228515625,1626.5263671875,1198.828125,1138.0263671875,1.7863441601854984,11.879262984446326,15.978354137720414,31.015524258321545,34.94921875,210.2138671875,247.86328125,577.4365234375,23.576171875,145.6865234375,164.9921875,388.0009765625,2022-05-16,416.49
1303,1304,56.55,37.85,3.95,16.85,94425.0,-1332480.0,3577,56.3835329897328,38.51254975266948,3.533291533299154,5,2022,143,0.40471456356112473,0.38183490972767653,11.483759067789476,-0.006616913012404524,752,9.109586753643498,-2.1249289848818407,3.619812657077299,-1.289641057705902,22.564703,130.89069,8.73151,28.502051964898758,1482.566156431686,25.583984375,262.322265625,803.9755859375,123.4931640625,1624.12890625,1188.1962890625,1151.0556640625,2.312828142703915,12.742874532207004,13.665607144631824,32.76532085532861,35.0791015625,212.734375,245.1630859375,572.015625,21.4755859375,133.306640625,169.2626953125,383.615234375,2022-05-23,416.49
1304,1305,57.0,38.45,3.1,16.6,94425.0,-1332480.0,3577,54.40982296991749,39.87777016855776,4.150251825735971,5,2022,144,0.40471456356112473,0.38436561199709685,11.477320682725185,-0.006438385064290841,753,9.109586753643498,-2.1249289848818407,3.619812657077299,-1.289641057705902,22.564703,130.89069,8.73151,28.502051964898758,1482.566156431686,25.583984375,238.1845703125,828.11328125,123.4931640625,1624.12890625,1188.1962890625,1151.0556640625,2.433148700964792,13.248630443990685,12.937444307344242,32.851435655890604,35.46875,212.14453125,244.0927734375,571.5126953125,21.255859375,132.076171875,168.1923828125,384.630859375,2022-05-24,416.49
1305,1306,51.95,42.25,4.35,16.15,94425.0,-1332480.0,3577,52.40883800083766,41.393152846821096,4.613690147231905,6,2022,159,0.479425538604203,0.42196935074219,11.404332569636416,-0.003388715291672284,7,7.200168282642359,-2.1249289848818407,3.619812657077299,-1.289641057705902,22.564703,130.89069,8.73151,28.502051964898758,1482.566156431686,2.767578125,171.4951171875,798.876953125,241.7373046875,1624.673828125,1188.1962890625,1151.0556640625,2.0268153597546,12.32150886107878,14.197757852231977,33.378059720772455,35.478515625,214.4541015625,242.5712890625,564.0244140625,23.9384765625,140.5078125,152.361328125,366.9267578125,2022-06-08,416.49
1306,1307,47.05,43.5,7.8,14.25,94425.0,-1332480.0,3577,50.07520479356948,42.81253043843247,5.593273119254032,6,2022,160,0.479425538604203,0.4244516272420487,11.401168156168831,-0.0031644134675854474,8,7.200168282642359,-2.1249289848818407,3.619812657077299,-1.289641057705902,22.564703,130.89069,8.73151,28.502051964898758,1482.566156431686,2.767578125,171.46484375,760.279296875,280.365234375,1624.673828125,1188.1962890625,1151.0556640625,2.0479186640581304,12.284535078035372,14.124120121552199,32.98025152604242,34.0390625,214.6640625,242.5712890625,562.5537109375,23.998046875,140.078125,154.34375,365.5361328125,2022-06-09,416.49
1307,1308,49.35,44.1,4.9,15.65,94425.0,-1332480.0,3577,49.450072072290524,43.79367831939281,5.172168470277523,6,2022,167,0.479425538604203,0.44173731510172215,11.385448178468641,-0.0015461462800860915,15,7.200168282642359,-2.1249289848818407,3.619812657077299,-1.289641057705902,22.564703,130.89069,8.73151,28.502051964898758,1482.566156431686,0.046875,120.833984375,785.5478515625,308.4482421875,1624.673828125,1188.1953125,1151.056640625,2.3691574118358973,14.198097998153072,14.332453742093502,34.16692734025038,34.2890625,193.9140625,248.703125,561.0322265625,21.7783203125,117.1484375,164.076171875,351.6875,2022-06-16,416.49
1308,1309,48.95,44.55,4.95,15.4,94425.0,-1332480.0,3577,48.46775804445767,44.64387089201478,5.3022843784853135,6,2022,168,0.479425538604203,0.4441935841357956,11.384138332396772,-0.0013098460718694582,16,7.200168282642359,-2.1249289848818407,3.619812657077299,-1.289641057705902,22.564703,130.89069,8.73151,28.502051964898758,1482.566156431686,0.046875,120.833984375,768.6796875,325.31640625,1624.673828125,1188.1953125,1151.056640625,2.1178517293346815,13.95659371999384,14.995939724891409,33.8524134464732,34.298828125,195.494140625,246.54296875,560.7119140625,21.4384765625,116.318359375,163.626953125,350.369140625,2022-06-17,416.49
1309,1310,50.55,42.7,5.25,15.4,94425.0,-1332480.0,3577,48.19766081237579,44.87178138790635,5.400480690890509,7,2022,183,0.5508090958869698,0.48062725629436415,11.393011071981155,0.002240770387967217,31,7.200168282642359,-2.1249289848818407,3.619812657077299,-1.289641057705902,22.564703,130.89069,8.73151,28.502051964898758,1482.566156431686,0.2841796875,71.2880859375,585.14453125,558.400390625,1624.6728515625,1188.1962890625,1151.056640625,1.3331810605605796,13.06046960548986,16.098625725682147,35.47581754127201,29.701171875,189.11328125,236.6728515625,546.1044921875,19.7978515625,140.5986328125,135.6962890625,346.4892578125,2022-07-02,416.49
1310,1311,46.15,47.35,5.0,14.2,94425.0,-1332480.0,3577,48.02486739266207,44.5438730000583,5.937644244299705,7,2022,184,0.5508090958869698,0.4830279836950298,11.395481630938093,0.0024705589569382624,32,7.200168282642359,-2.1249289848818407,3.619812657077299,-1.289641057705902,22.564703,130.89069,8.73151,28.502051964898758,1482.566156431686,0.2841796875,66.08984375,590.3427734375,558.400390625,1624.6728515625,1188.1962890625,1151.056640625,1.5349699842416924,11.977540639376056,16.030090301086823,36.013287285344504,29.560546875,185.5859375,235.4521484375,545.6845703125,18.7978515625,138.1982421875,138.6865234375,342.6396484375,2022-07-03,416.49
1311,1312,48.75,43.3,6.55,15.2,94425.0,-1332480.0,3577,47.853403407730625,44.317874385669626,6.417087401761366,7,2022,191,0.5508090958869698,0.49973055152418083,11.41904718212103,0.0040231307803786365,39,7.200168282642359,-2.1249289848818407,3.619812657077299,-1.289641057705902,22.564703,130.89069,8.73151,28.502051964898758,1482.566156431686,0.240234375,40.0029296875,547.8056640625,627.068359375,1624.6728515625,1188.1943359375,1151.05859375,1.9336274485597773,11.479807634624011,13.512510623617748,37.04743786153992,30.53125,175.615234375,215.146484375,534.59375,15.767578125,101.0390625,156.99609375,317.69921875,2022-07-10,416.49
1312,1313,48.75,44.5,5.1,14.7,94425.0,-1332480.0,3577,47.244669726551216,44.32417783454272,7.046566282014146,7,2022,192,0.5508090958869698,0.5021017714378186,11.423282634990363,0.00423545286933269,40,7.200168282642359,-2.1249289848818407,3.619812657077299,-1.289641057705902,22.564703,130.89069,8.73151,28.502051964898758,1482.566156431686,0.240234375,40.0029296875,547.8056640625,627.068359375,1624.6728515625,1188.1943359375,1151.05859375,2.120552168370159,11.70595324672431,13.068418975395254,36.587375357992116,30.44140625,175.935546875,211.5185546875,537.033203125,18.59765625,97.05859375,154.7060546875,319.849609375,2022-07-11,416.49
1313,1314,43.0,44.0,12.0,14.0,94485.0,-1332435.0,3577,46.81831821428645,44.433084717133795,7.32707787568359,7,2022,199,0.5508090958869698,0.5185937906461534,11.458637935679427,0.005641247993342091,47,7.200168282642359,-2.1249289848818407,3.619812657077299,-1.289641057705902,22.564703,130.89069,8.73151,28.502051964898758,1482.566156431686,0.240234375,27.7109375,507.8564453125,679.3095703125,1624.6728515625,1188.1943359375,1151.05859375,1.9532430573384059,11.60438053111401,13.826505415094468,33.734728212433765,30.5908203125,180.9150390625,206.376953125,515.2587890625,17.408203125,94.318359375,115.65625,334.638671875,2022-07-18,416.49
1314,1315,49.25,44.35,4.9,14.55,94425.0,-1332480.0,3577,47.01620299204736,44.76601571802141,6.737363874514571,7,2022,200,0.5508090958869698,0.5209343640072778,11.464467594201432,0.005829658522005232,48,7.200168282642359,-2.1249289848818407,3.619812657077299,-1.289641057705902,22.564703,130.89069,8.73151,28.502051964898758,1482.566156431686,0.240234375,25.630859375,490.78125,698.46484375,1624.6728515625,1188.1943359375,1151.05859375,1.70551297728729,11.630649017579264,13.729517891494108,33.274044855637555,31.69140625,180.9951171875,207.626953125,510.0703125,17.7578125,96.12890625,112.185546875,334.4990234375,2022-07-19,416.49
1315,1316,45.85,45.3,7.1,13.9,94425.0,-1332480.0,3577,47.17280629586426,45.05706553507738,6.2350418930904965,7,2022,207,0.5508090958869698,0.5372079123056154,11.510269379481299,0.0070542780109299486,55,7.200168282642359,-2.1249289848818407,3.619812657077299,-1.289641057705902,22.564703,130.89069,8.73151,28.502051964898758,1482.566156431686,0.240234375,24.560546875,466.9599609375,723.3564453125,1624.6728515625,1188.1943359375,1151.056640625,1.8745637593255158,13.242464326306616,13.336161994866554,30.973472446044845,33.7607421875,197.345703125,212.6865234375,482.2451171875,15.998046875,90.9970703125,113.88671875,307.998046875,2022-07-26,416.49
1316,1317,47.9,46.55,4.1,13.95,94425.0,-1332480.0,3577,47.338328389869304,45.63145554135585,5.456019831560813,7,2022,208,0.5508090958869698,0.5395167147704585,11.5174847940373,0.00721541455600061,56,7.200168282642359,-2.1249289848818407,3.619812657077299,-1.289641057705902,22.564703,130.89069,8.73151,28.502051964898758,1482.566156431686,0.240234375,22.87890625,468.6416015625,723.3564453125,1624.6728515625,1188.1943359375,1151.056640625,2.036836854220371,12.895928130013505,13.490996216145081,30.88816469570297,33.94140625,197.17578125,216.826171875,478.197265625,17.017578125,87.77734375,119.56640625,299.498046875,2022-07-27,416.49
1317,1318,48.75,45.55,3.95,10.9,94425.0,-1332480.0,3577,46.549381887455425,46.53595661303944,5.336233735304145,8,2022,215,0.618369803069737,0.5555639748167264,11.572211107004067,0.008245665443856964,63,7.200168282642359,-2.1249289848818407,3.619812657077299,-1.289641057705902,22.564703,130.89069,8.73151,28.502051964898758,1482.566156431686,0.0,3.0078125,404.9794921875,807.1298828125,1624.6728515625,1188.1943359375,1150.42578125,2.2371630562683524,13.079741533710562,14.932764984233877,31.3107419364528,35.208984375,202.9140625,231.1171875,483.5048828125,19.45703125,113.6572265625,104.794921875,264.3583984375,2022-08-03,416.49
1318,1319,46.65,47.45,4.35,13.0,94425.0,-1332480.0,3577,47.24760982051298,46.89824741820945,4.283909588862507,8,2022,224,0.618369803069737,0.5758951096788277,11.652023074112172,0.009326617972108764,72,7.200168282642359,-2.1249289848818407,3.619812657077299,-1.289641057705902,22.564703,130.89069,8.73151,28.502051964898758,1482.566156431686,0.0,0.3642578125,343.501953125,871.2509765625,1624.6728515625,1188.1943359375,1149.859375,2.294484430528514,14.28508335816563,14.850240581738248,32.71044123665324,35.798828125,216.34375,242.6591796875,514.03515625,21.7666015625,130.072265625,141.8310546875,260.59765625,2022-08-12,416.49
1319,1320,45.25,46.95,6.3,12.95,94425.0,-1332480.0,3577,47.74251445148565,47.275751802370124,3.3985180454215604,8,2022,231,0.618369803069737,0.5914667797070804,11.720058376347582,0.009993482420028954,79,7.200168282642359,-2.1249289848818407,3.619812657077299,-1.289641057705902,22.564703,130.89069,8.73151,28.502051964898758,1482.566156431686,0.0,0.287109375,313.3583984375,901.4716796875,1624.6728515625,1188.1943359375,1149.859375,2.623795558611016,15.321376499588483,16.579567788694145,34.06968560224641,33.728515625,207.7744140625,252.142578125,539.8681640625,14.0869140625,108.2421875,151.8388671875,282.8623046875,2022-08-19,416.49
1320,1321,46.0,46.95,5.6,12.8,94425.0,-1332480.0,3577,46.483961549279684,47.43837818527513,4.5723732923416485,8,2022,239,0.618369803069737,0.6089962754169406,11.802808772939885,0.010592672289243765,87,7.200168282642359,-2.1249289848818407,3.619812657077299,-1.289641057705902,22.564703,130.89069,8.73151,28.502051964898758,1482.566156431686,0.0,0.287109375,204.1083984375,1010.671875,1624.72265625,1188.1943359375,1149.828125,2.9540981659899024,16.66259970391743,17.97692678630228,35.75248856771594,34.7587890625,205.6337890625,240.4130859375,563.1015625,18.4873046875,113.4521484375,115.1591796875,332.724609375,2022-08-27,416.49
1321,1322,45.95,47.75,4.8,12.4,94425.0,-1332480.0,3577,45.174952910859474,47.22614150554621,6.080562471583235,8,2022,240,0.618369803069737,0.6111670640411674,11.813465341416963,0.010656568477077855,88,7.200168282642359,-2.1249289848818407,3.619812657077299,-1.289641057705902,22.564703,130.89069,8.73151,28.502051964898758,1482.566156431686,0.0,0.287109375,196.033203125,1018.7470703125,1624.72265625,1188.1943359375,1149.828125,2.581580614946255,17.394732918890515,17.821795878025412,36.08148349385581,36.208984375,206.603515625,238.5927734375,565.6796875,18.5966796875,115.2724609375,112.369140625,334.93359375,2022-08-28,416.49
1322,1323,46.05,45.55,6.8,12.45,94425.0,-1332480.0,3577,44.03437182012375,45.308806209263835,9.05964515360665,9,2022,247,0.6816387600233341,0.6262332269244854,11.889664241734003,0.011042387702055123,95,7.200168282642359,-2.1249289848818407,3.619812657077299,-1.289641057705902,22.564703,130.89069,8.73151,28.502051964898758,1482.566156431686,0.0,0.240234375,186.712890625,1028.1123046875,1624.7197265625,1187.544921875,1150.482421875,2.8413243906579573,14.7800183909406,19.97631353383677,39.05303879014298,36.720703125,224.138671875,242.8125,561.61328125,23.8662109375,136.5107421875,133.869140625,305.4716796875,2022-09-04,416.49
1323,1324,45.3,46.35,6.65,12.05,94425.0,-1332480.0,3577,41.938954079969484,44.58029292688069,11.892274134532421,9,2022,248,0.6816387600233341,0.6283668624009903,11.90075346628464,0.01108922455063599,96,7.200168282642359,-2.1249289848818407,3.619812657077299,-1.289641057705902,22.564703,130.89069,8.73151,28.502051964898758,1482.566156431686,0.0,0.240234375,186.712890625,1028.111328125,1624.720703125,1187.544921875,1150.482421875,3.095929421802925,15.000403217531916,20.02199022801789,40.01857335758737,36.560546875,223.310546875,246.1123046875,561.6435546875,23.265625,139.6904296875,135.30859375,301.662109375,2022-09-05,416.49
1324,1325,35.25,43.6,19.6,13.85,94425.0,-1332480.0,3577,40.719126848377726,43.72193162873624,13.974653777592863,9,2022,255,0.6816387600233341,0.6431693540965963,11.979528962491102,0.01136398622936774,103,7.200168282642359,-2.1249289848818407,3.619812657077299,-1.289641057705902,22.564703,130.89069,8.73151,28.502051964898758,1482.566156431686,0.0,0.240234375,129.8212890625,1085.0009765625,1624.72265625,1187.54296875,1150.484375,2.5012288601850603,15.281578320806418,18.09633263933484,42.796144835222506,37.2509765625,222.1064453125,259.87109375,554.5634765625,24.5556640625,127.416015625,162.9560546875,286.3818359375,2022-09-12,416.49
1325,1326,35.55,43.5,19.5,13.75,94425.0,-1332480.0,3577,37.97701076013202,45.14188226633374,15.399362402301275,9,2022,256,0.6816387600233341,0.6452648114885879,11.99092493799372,0.011395975502617617,104,7.200168282642359,-2.1249289848818407,3.619812657077299,-1.289641057705902,22.564703,130.89069,8.73151,28.502051964898758,1482.566156431686,0.0,0.240234375,129.353515625,1085.46875,1624.72265625,1187.54296875,1150.484375,2.691507086551037,14.686958149796768,19.077752597685468,42.533478048772906,38.44140625,222.7861328125,260.3232421875,555.0732421875,24.515625,131.865234375,160.025390625,289.9619140625,2022-09-13,416.49
1326,1327,40.45,42.45,15.55,11.15,94425.0,-1332480.0,3577,36.14774188659097,46.55641061723958,15.88626079802313,9,2022,263,0.6816387600233341,0.6597965213074676,12.071447034841347,0.01157157481573634,111,7.200168282642359,-2.1249289848818407,3.619812657077299,-1.289641057705902,22.564703,130.89069,8.73151,28.502051964898758,1482.566156431686,0.12109375,0.240234375,104.1279296875,1110.6787109375,1624.6904296875,1187.5908203125,1150.484375,2.595982957451161,16.567408149135243,17.378465236347804,43.78943476843297,38.0908203125,232.6162109375,261.2275390625,576.8037109375,24.6962890625,141.255859375,156.380859375,337.6181640625,2022-09-20,416.49
1327,1328,38.9,46.55,13.15,13.55,94425.0,-1332480.0,3577,35.84067526899808,47.55539738898162,15.254787575683132,9,2022,264,0.6816387600233341,0.6618527940178025,12.083036891448428,0.011589856607081117,112,7.200168282642359,-2.1249289848818407,3.619812657077299,-1.289641057705902,22.564703,130.89069,8.73151,28.502051964898758,1482.566156431686,0.4853515625,0.240234375,104.0791015625,1110.7275390625,1624.3486328125,1187.9326171875,1150.484375,2.3040726088337546,16.38761554600412,17.26877792101999,44.09963477445754,37.611328125,231.99609375,262.7578125,579.7353515625,23.515625,142.5859375,161.19140625,336.9267578125,2022-09-21,416.49
1328,1329,32.5,55.25,11.25,23.75,94436.25,-1332461.25,3577,37.553623157023125,47.40895234795455,13.673335642683451,9,2022,271,0.6816387600233341,0.6761067413467257,12.164534475222968,0.011669921720059762,119,7.200168282642359,-2.1249289848818407,3.619812657077299,-1.289641057705902,22.564703,130.89069,8.73151,28.502051964898758,1482.566156431686,0.751953125,0.240234375,73.8984375,1140.908203125,1613.0654296875,1199.2158203125,1150.4775390625,2.3703783685458775,18.292521844686036,18.691688154837877,41.34642246745964,37.4912109375,236.8056640625,269.607421875,596.380859375,24.0859375,140.896484375,166.1015625,362.8095703125,2022-09-28,416.49
1329,1330,42.5,45.05,11.0,13.7,94425.0,-1332480.0,3577,40.69181623329622,45.90039078567804,12.002337136545878,10,2022,279,0.7401768531960371,0.6920921792562543,12.257898145665783,0.011653137581047801,127,7.200168282642359,-2.1249289848818407,3.619812657077299,-1.289641057705902,22.564703,130.89069,8.73151,28.502051964898758,1482.566156431686,70.08984375,0.0,40.2431640625,1167.216796875,1620.6357421875,1199.232421875,1150.4765625,2.2374531875646895,13.940446612940125,18.96532085346665,42.06736011274371,37.2041015625,217.318359375,268.9970703125,609.537109375,23.7578125,148.7548828125,164.8720703125,369.96484375,2022-10-06,416.49
1330,1331,38.0,46.6,13.8666666666667,9.6,94443.0,-1332477.0,3577,43.98653575525983,43.5943103336227,10.960376568734072,10,2022,280,0.7401768531960371,0.6940671385790956,12.269540356748509,0.011642211082726561,128,7.200168282642359,-2.1249289848818407,3.619812657077299,-1.289641057705902,22.564703,130.89069,8.73151,28.502051964898758,1482.566156431686,70.08984375,0.0,40.2431640625,1167.216796875,1620.634765625,1199.2333984375,1150.4765625,2.601243419635857,14.373512857014852,17.91328647289233,42.038318560897885,37.814453125,220.1611328125,264.2578125,611.45703125,25.337890625,148.986328125,164.822265625,374.9853515625,2022-10-07,416.49
1331,1332,52.7,33.4,12.15,13.85,94425.0,-1332480.0,3577,46.500689558112946,39.99740089631133,11.983011106538735,10,2022,295,0.7401768531960371,0.7230581526221209,12.441301133636614,0.011194037060816342,143,7.200168282642359,-2.1249289848818407,3.619812657077299,-1.289641057705902,22.564703,130.89069,8.73151,28.502051964898758,1482.566156431686,113.0810546875,0.751953125,25.87109375,1168.5771484375,1595.08203125,1237.7978515625,1143.712890625,2.2027101069718613,14.310180291708374,18.04025160378361,40.27218935319168,37.904296875,228.32421875,267.818359375,599.34765625,24.2978515625,151.1083984375,178.9853515625,388.6806640625,2022-10-22,416.49
1332,1333,50.95,35.15,12.4,13.55,94425.0,-1332480.0,3577,49.67615557816053,36.04311307886621,12.706094524668481,10,2022,296,0.7401768531960371,0.7249480041597827,12.452443307067588,0.011142173430974012,144,7.200168282642359,-2.1249289848818407,3.619812657077299,-1.289641057705902,22.564703,130.89069,8.73151,28.502051964898758,1482.566156431686,113.0810546875,0.751953125,25.87109375,1168.5771484375,1595.08203125,1237.7978515625,1143.111328125,2.61682079270557,13.753359024552982,18.185257490667365,40.03029351637089,39.00390625,227.1044921875,268.0185546875,599.1708984375,26.5576171875,149.837890625,179.74609375,389.912109375,2022-10-23,416.49
1333,1334,53.3,33.6,11.5,14.05,94425.0,-1332480.0,3577,53.310198315608304,32.3891510965766,12.662084767655635,10,2022,303,0.7401768531960371,0.7380238129201978,12.528708079162376,0.010685157282722457,151,7.200168282642359,-2.1249289848818407,3.619812657077299,-1.289641057705902,22.564703,130.89069,8.73151,28.502051964898758,1482.566156431686,72.1865234375,41.7197265625,3.0087890625,1188.015625,1589.4462890625,1212.3330078125,1177.01953125,2.664782829556632,14.248267189080096,16.370179817258553,40.30226453414593,39.2138671875,229.6435546875,266.1083984375,602.931640625,25.2275390625,159.5673828125,176.3955078125,404.8359375,2022-10-30,416.49
1334,1335,52.35,33.4,12.8,13.3,94425.0,-1332480.0,3577,55.46754638549475,30.954785771499413,11.933538288335267,10,2022,304,0.7401768531960371,0.7398697384878806,12.539313472093795,0.010605392931418933,152,7.200168282642359,-2.1249289848818407,3.619812657077299,-1.289641057705902,22.564703,130.89069,8.73151,28.502051964898758,1482.566156431686,54.6923828125,59.2138671875,3.0078125,1188.0166015625,1589.3994140625,1211.9228515625,1177.02734375,2.8972520141224756,14.44861508737316,16.218290259544062,40.377081794761565,39.904296875,230.4736328125,265.98828125,604.404296875,26.017578125,159.4765625,176.49609375,406.3076171875,2022-10-31,416.49
1335,1336,54.9,30.6,12.8,11.55,94425.0,-1332480.0,3577,55.35090281234965,31.124917188070434,11.953572279112288,11,2022,312,0.793577803248942,0.7544360607860527,12.620800483718064,0.009820089165343049,160,7.200168282642359,-2.1249289848818407,3.619812657077299,-1.289641057705902,22.564703,130.89069,8.73151,28.502051964898758,1482.566156431686,59.4404296875,70.08984375,3.0078125,1173.669921875,1603.5927734375,1179.9970703125,1201.58984375,2.5235960230396373,17.314302122681543,17.961628068383654,39.24227367864958,38.671875,233.560546875,271.8076171875,610.625,24.92578125,153.6962890625,183.705078125,408.4375,2022-11-08,416.49
1336,1337,58.3,28.3,11.65,12.45,94425.0,-1332480.0,3577,56.598980122045184,29.907272796862607,11.88533848762176,11,2022,320,0.793577803248942,0.7686399738142345,12.694722434512105,0.00874426938151629,168,7.200168282642359,-2.1249289848818407,3.619812657077299,-1.289641057705902,22.564703,130.89069,8.73151,28.502051964898758,1482.566156431686,69.033203125,87.845703125,0.287109375,1099.9521484375,1656.7294921875,1203.255859375,1154.798828125,1.9927524299121646,12.719085515560693,19.408377776946935,39.43050246853336,36.8916015625,224.79296875,270.9423828125,616.091796875,25.396484375,151.015625,178.751953125,413.384765625,2022-11-16,416.49
1337,1338,59.05,28.5,10.8,14.0,94425.0,-1332480.0,3577,58.04720504383822,28.41175112726974,11.857209041961351,11,2022,327,0.793577803248942,0.7807657406186524,12.751264129210702,0.0075415510197966995,175,7.200168282642359,-2.1249289848818407,3.619812657077299,-1.289641057705902,22.564703,130.89069,8.73151,28.502051964898758,1482.566156431686,81.6015625,113.90625,0.287109375,1091.8818359375,1662.83984375,1201.71875,1136.984375,1.4950299452735358,11.546345049828549,14.711837945472857,42.62058998593623,34.6923828125,220.2412109375,261.6845703125,621.0458984375,24.90625,150.5654296875,176.412109375,415.640625,2022-11-23,416.49
1338,1339,59.45,28.15,10.65,13.55,94425.0,-1332480.0,3577,59.83572307895068,26.574656037117396,11.803268997657533,11,2022,328,0.793577803248942,0.7824746544232967,12.758613466675007,0.007349337464304995,176,7.200168282642359,-2.1249289848818407,3.619812657077299,-1.289641057705902,22.564703,130.89069,8.73151,28.502051964898758,1482.566156431686,86.9052734375,113.90625,0.287109375,1091.8818359375,1662.83984375,1193.2314453125,1145.1279296875,1.7417915227069753,10.947928664211206,14.664641473354669,42.5388313494852,36.0322265625,217.501953125,261.8544921875,620.193359375,25.7958984375,150.8759765625,175.58203125,414.0888671875,2022-11-24,416.49
1339,1340,58.9,26.25,13.1,14.6,94425.0,-1332480.0,3577,62.06797347819023,24.41812459126708,11.619032718800506,12,2022,336,0.8414709848078965,0.7959334568326875,12.80989018772337,0.005633373027404076,184,7.200168282642359,-2.1249289848818407,3.619812657077299,-1.289641057705902,22.564703,130.89069,8.73151,28.502051964898758,1482.566156431686,141.9423828125,113.90625,0.2841796875,1054.8359375,1689.8359375,1191.52734375,1137.44140625,1.9709766851126354,8.888780822509085,12.285229557549634,38.431382116381556,35.2392578125,209.9814453125,252.734375,607.41015625,22.966796875,148.7646484375,176.181640625,404.9560546875,2022-12-02,416.49
1340,1341,64.3,20.15,13.6,13.25,94425.0,-1332480.0,3577,64.81068924195861,22.050127061620948,11.161443878046024,12,2022,351,0.8414709848078965,0.8201332336486015,12.863931981873199,0.0017107000126177496,199,7.200168282642359,-2.1249289848818407,3.619812657077299,-1.289641057705902,22.564703,130.89069,8.73151,28.502051964898758,1482.566156431686,151.7890625,160.310546875,0.361328125,915.3349609375,1725.53125,1276.34375,1108.4501953125,1.654966594647232,13.074827966683939,16.097984940712937,27.889093743148546,35.439453125,226.0234375,262.6640625,573.0556640625,24.9873046875,152.462890625,175.9189453125,395.38671875,2022-12-17,416.49
